0.000000e+00 -1.277806844888189e-06 +5.311770305172991e-08 -2.384123596515202e-08 +5.311770305172983e-08 +6.135066135483638e-07 +1.718723240109532e-06 -2.384123596515192e-08 +1.718723240109532e-06 +6.643002313398256e-07
6.000000e+01 -1.369884394538909e-06 +1.595940568318886e-07 +1.414497808350528e-07 +1.595940568318886e-07 +7.960082704622046e-07 +1.862767231997931e-06 +1.414497808350528e-07 +1.862767231997931e-06 +5.738761240767049e-07
1.200000e+02 -1.401076119604755e-06 +3.536782171839186e-07 +3.291085007778638e-07 +3.536782171839185e-07 +1.048663812153680e-06 +1.955587792065906e-06 +3.291085007778637e-07 +1.955587792065906e-06 +3.524123074510749e-07
1.800000e+02 -1.347899085561369e-06 +6.045848342890121e-07 +4.817016450418009e-07 +6.045848342890121e-07 +1.326785869653452e-06 +1.921097827125520e-06 +4.817016450418008e-07 +1.921097827125520e-06 +2.111321590791701e-08
2.400000e+02 -1.212050151554057e-06 +8.538147813640147e-07 +5.513407515396918e-07 +8.538147813640147e-07 +1.556505369718086e-06 +1.724696441208296e-06 +5.513407515396918e-07 +1.724696441208296e-06 -3.444552181640295e-07
3.000000e+02 -1.022342447348980e-06 +1.033711281937384e-06 +5.194169195284461e-07 +1.033711281937384e-06 +1.669467249176205e-06 +1.394279734287178e-06 +5.194169195284462e-07 +1.394279734287178e-06 -6.471248018272245e-07
3.600000e+02 -8.266708712008845e-07 +1.093281213182683e-06 +4.054371728945633e-07 +1.093281213182683e-06 +1.639976647368417e-06 +1.013247318464816e-06 +4.054371728945633e-07 +1.013247318464816e-06 -8.133057761675332e-07
4.200000e+02 -6.761952408850957e-07 +1.021153491271913e-06 +2.597075305631298e-07 +1.021153491271913e-06 +1.505882836369308e-06 +6.853812090919123e-07 +2.597075305631298e-07 +6.853812090919125e-07 -8.296875954842126e-07
4.800000e+02 -6.072653686327289e-07 +8.545484346910177e-07 +1.414568916789108e-07 +8.545484346910177e-07 +1.359123754337657e-06 +4.855284837208591e-07 +1.414568916789108e-07 +4.855284837208590e-07 -7.518583857049284e-07
5.400000e+02 -6.282065683018511e-07 +6.675063060611325e-07 +9.150195229471996e-08 +6.675063060611325e-07 +1.305308643852804e-06 +4.201320867363419e-07 +9.150195229471991e-08 +4.201320867363420e-07 -6.771020755509533e-07
6.000000e+02 -7.168183801505096e-07 +5.409445265906617e-07 +1.127242562657261e-07 +5.409445265906618e-07 +1.409396518770820e-06 +4.205635551251388e-07 +1.127242562657262e-07 +4.205635551251387e-07 -6.925781386203100e-07
6.600000e+02 -8.301777808017067e-07 +5.272681289077745e-07 +1.689945037635746e-07 +5.272681289077748e-07 +1.656294534777854e-06 +3.768068928444795e-07 +1.689945037635746e-07 +3.768068928444791e-07 -8.261167539761474e-07
7.200000e+02 -9.227080314322925e-07 +6.268360438718832e-07 +2.038994463453488e-07 +6.268360438718829e-07 +1.950968865037966e-06 +1.958932530893614e-07 +2.038994463453489e-07 +1.958932530893616e-07 -1.028260833605674e-06
7.800000e+02 -9.644718049885646e-07 +7.885518227658695e-07 +1.697197880403813e-07 +7.885518227658696e-07 +2.161815697986222e-06 -1.467341934843834e-07 +1.697197880403812e-07 -1.467341934843836e-07 -1.197343892997657e-06
8.400000e+02 -9.517071614696025e-07 +9.345150713229089e-07 +5.140167394314184e-08 +9.345150713229090e-07 +2.185798716552439e-06 -5.920331908046886e-07 +5.140167394314176e-08 -5.920331908046886e-07 -1.234091555082836e-06
9.000000e+02 -9.056893877493399e-07 +9.964202752210170e-07 -1.267336500935870e-07 +9.964202752210174e-07 +2.000712397363621e-06 -1.026903502582926e-06 -1.267336500935869e-07 -1.026903502582926e-06 -1.095023009614281e-06
9.600000e+02 -8.615607608264119e-07 +9.461207414688782e-07 -3.142621972695935e-07 +9.461207414688782e-07 +1.676879676121346e-06 -1.341892964388874e-06 -3.142621972695934e-07 -1.341892964388874e-06 -8.153189152949348e-07
1.020000e+03 -8.528204244017456e-07 +8.065611890464767e-07 -4.602839211453440e-07 +8.065611890464766e-07 +1.342510230846591e-06 -1.485792191103820e-06 -4.602839211453440e-07 -1.485792191103820e-06 -4.896898064448456e-07
1.080000e+03 -8.981136036166475e-07 +6.393051391878820e-07 -5.380268208721805e-07 +6.393051391878819e-07 +1.120973739967223e-06 -1.488763371784045e-06 -5.380268208721804e-07 -1.488763371784046e-06 -2.228601363505760e-07
1.140000e+03 -9.950411977133555e-07 +5.158893343985018e-07 -5.564237081199297e-07 +5.158893343985020e-07 +1.071877647289467e-06 -1.443375356882353e-06 -5.564237081199296e-07 -1.443375356882352e-06 -7.683644957611182e-08
1.200000e+03 -1.122278988917222e-06 +4.870358294178975e-07 -5.539867807487294e-07 +4.870358294178975e-07 +1.164556909159685e-06 -1.455275167284613e-06 -5.539867807487294e-07 -1.455275167284614e-06 -4.227792024246292e-08
1.260000e+03 -1.247952383879121e-06 +5.633350431645539e-07 -5.793806461217011e-07 +5.633350431645541e-07 +1.294742927775586e-06 -1.589921757658311e-06 -5.793806461217011e-07 -1.589921757658310e-06 -4.679054389646507e-08
1.320000e+03 -1.340235633117832e-06 +7.141702986666772e-07 -6.689109003771428e-07 +7.141702986666772e-07 +1.333275678869804e-06 -1.841247582478102e-06 -6.689109003771427e-07 -1.841247582478102e-06 +6.959954248027548e-09
1.380000e+03 -1.376115828375871e-06 +8.826752980934798e-07 -8.310338116786141e-07 +8.826752980934800e-07 +1.182194742926457e-06 -2.134370335491760e-06 -8.310338116786141e-07 -2.134370335491760e-06 +1.939210854494143e-07
1.440000e+03 -1.345880430067828e-06 +1.008325190821270e-06 -1.043188061106153e-06 +1.008325190821270e-06 +8.142863870811015e-07 -2.357413099824161e-06 -1.043188061106153e-06 -2.357413099824161e-06 +5.315940429867269e-07
1.500000e+03 -1.253150642298498e-06 +1.047649112982676e-06 -1.260366645284259e-06 +1.047649112982676e-06 +2.832902043387060e-07 -2.406765697959769e-06 -1.260366645284259e-06 -2.406765697959769e-06 +9.698604379597931e-07
1.560000e+03 -1.112055569177214e-06 +9.863870993010866e-07 -1.430867575067016e-06 +9.863870993010866e-07 -2.952445492707739e-07 -2.228585645092721e-06 -1.430867575067016e-06 -2.228585645092722e-06 +1.407300118447987e-06
1.620000e+03 -9.437301254157927e-07 +8.405568787700445e-07 -1.513301624957781e-06 +8.405568787700445e-07 -7.840511338593816e-07 -1.843440004895131e-06 -1.513301624957781e-06 -1.843440004895131e-06 +1.727781259275175e-06
1.680000e+03 -7.736654315467703e-07 +6.474896310892785e-07 -1.489314557792263e-06 +6.474896310892785e-07 -1.072991158419720e-06 -1.346102227794864e-06 -1.489314557792263e-06 -1.346102227794864e-06 +1.846656589966491e-06
1.740000e+03 -6.299764030390082e-07 +4.505860193259271e-07 -1.367774545251577e-06 +4.505860193259271e-07 -1.122353796787023e-06 -8.774284344957838e-07 -1.367774545251577e-06 -8.774284344957839e-07 +1.752330199826032e-06
1.800000e+03 -5.411523838367199e-07 +2.835645809045082e-07 -1.178546079284713e-06 +2.835645809045082e-07 -9.845990688505569e-07 -5.723299184576628e-07 -1.178546079284713e-06 -5.723299184576628e-07 +1.525751452687277e-06
1.860000e+03 -5.313620168366284e-07 +1.607887908435672e-07 -9.579726153171087e-07 +1.607887908435672e-07 -7.903754192636541e-07 -4.990949693118666e-07 -9.579726153171089e-07 -4.990949693118667e-07 +1.321737436100283e-06
1.920000e+03 -6.127854880736247e-07 +7.832777685689259e-08 -7.330156787061691e-07 +7.832777685689248e-08 -6.954507354986531e-07 -6.169134746015303e-07 -7.330156787061689e-07 -6.169134746015302e-07 +1.308236223572278e-06
1.980000e+03 -7.775021306765636e-07 +2.492211282501006e-08 -5.134286115962798e-07 +2.492211282501006e-08 -8.055160534643179e-07 -7.798676733824187e-07 -5.134286115962798e-07 -7.798676733824186e-07 +1.583018184140882e-06
2.040000e+03 -9.940921380075757e-07 -4.650789951343449e-09 -2.977260676425283e-07 -4.650789951343475e-09 -1.115206363050035e-06 -7.975993795334297e-07 -2.977260676425283e-07 -7.975993795334296e-07 +2.109298501057611e-06
2.100000e+03 -1.213558021231810e-06 -3.964826254682082e-09 -8.943112378627906e-08 -3.964826254681976e-09 -1.499140228996906e-06 -5.300308337697039e-07 -8.943112378627895e-08 -5.300308337697038e-07 +2.712698250228716e-06
2.160000e+03 -1.384738799144430e-06 +3.767493020437741e-08 +8.859272469144333e-08 +3.767493020437747e-08 -1.768303817285516e-06 +3.303347765225088e-08 +8.859272469144349e-08 +3.303347765225119e-08 +3.153042616429946e-06
2.220000e+03 -1.473730240390143e-06 +1.194743356648060e-07 +1.945788594453688e-07 +1.194743356648061e-07 -1.766941400184047e-06 +7.551795288701461e-07 +1.945788594453689e-07 +7.551795288701461e-07 +3.240671640574191e-06
2.280000e+03 -1.478710220380859e-06 +2.170887292916414e-07 +1.870596842291740e-07 +2.170887292916413e-07 -1.458146396382623e-06 +1.415152089198994e-06 +1.870596842291739e-07 +1.415152089198994e-06 +2.936856616763481e-06
2.340000e+03 -1.432675660462795e-06 +2.856406571611100e-07 +5.418353599833287e-08 +2.856406571611098e-07 -9.487084172388799e-07 +1.818548781851815e-06 +5.418353599833282e-08 +1.818548781851815e-06 +2.381384077701675e-06
2.400000e+03 -1.391031504134672e-06 +2.804249542328814e-07 -1.640167911528585e-07 +2.804249542328813e-07 -4.352272785649760e-07 +1.900186186495956e-06 -1.640167911528583e-07 +1.900186186495956e-06 +1.826258782699648e-06
2.460000e+03 -1.407106105015274e-06 +1.860830532083047e-07 -3.768916619856223e-07 +1.860830532083047e-07 -9.783529787426047e-08 +1.758443580211161e-06 -3.768916619856226e-07 +1.758443580211161e-06 +1.504941402889534e-06
2.520000e+03 -1.504947282532221e-06 +3.697655032495327e-08 -4.739441764888779e-07 +3.697655032495316e-08 -1.016961674405706e-09 +1.597565247996518e-06 -4.739441764888781e-07 +1.597565247996518e-06 +1.505964244206627e-06
2.580000e+03 -1.662554565010426e-06 -8.711712176881955e-08 -3.746052008099831e-07 -8.711712176881961e-08 -6.112107016354917e-08 +1.607264487824816e-06 -3.746052008099832e-07 +1.607264487824816e-06 +1.723675635173975e-06
2.640000e+03 -1.816291329237773e-06 -9.370841273291963e-08 -7.259216924466560e-08 -9.370841273291966e-08 -1.019161516018750e-07 +1.849660407667007e-06 -7.259216924466570e-08 +1.849660407667007e-06 +1.918207480839648e-06
2.700000e+03 -1.887284418031799e-06 +7.483182520915201e-08 +3.510756707567039e-07 +7.483182520915201e-08 +3.541375055009646e-08 +2.221919137665566e-06 +3.510756707567038e-07 +2.221919137665566e-06 +1.851870667481703e-06
2.760000e+03 -1.818010278469272e-06 +4.039065117191656e-07 +7.576192806023443e-07 +4.039065117191653e-07 +3.955822090952017e-07 +2.516712057491473e-06 +7.576192806023444e-07 +2.516712057491473e-06 +1.422428069374071e-06
2.820000e+03 -1.600664200029290e-06 +8.019600276531892e-07 +1.010437463326434e-06 +8.019600276531892e-07 +8.835230479855831e-07 +2.542899499394926e-06 +1.010437463326434e-06 +2.542899499394926e-06 +7.171411520437076e-07
2.880000e+03 -1.283171034491044e-06 +1.134606307709335e-06 +1.035740189976141e-06 +1.134606307709335e-06 +1.322582044105065e-06 +2.235014848515396e-06 +1.035740189976140e-06 +2.235014848515396e-06 -3.941100961402108e-08
2.940000e+03 -9.506255801671620e-07 +1.283190400130919e-06 +8.530992489333442e-07 +1.283190400130919e-06 +1.560308506015842e-06 +1.689750026616647e-06 +8.530992489333445e-07 +1.689750026616647e-06 -6.096829258486802e-07
3.000000e+03 -6.919045054575181e-07 +1.199374291386282e-06 +5.607563993304788e-07 +1.199374291386282e-06 +1.559488961956823e-06 +1.110727956861365e-06 +5.607563993304787e-07 +1.110727956861365e-06 -8.675844564993051e-07
3.060000e+03 -5.671425746441621e-07 +9.276470727062059e-07 +2.842869433313508e-07 +9.276470727062058e-07 +1.420930883343492e-06 +6.947929718640250e-07 +2.842869433313508e-07 +6.947929718640251e-07 -8.537883086993300e-07
3.120000e+03 -5.898495075921150e-07 +5.835192505344767e-07 +1.165725424812662e-07 +5.835192505344767e-07 +1.324194280146657e-06 +5.266356009010842e-07 +1.165725424812662e-07 +5.266356009010840e-07 -7.343447725545420e-07
3.180000e+03 -7.293673203124385e-07 +2.993268728424773e-07 +8.071887073684635e-08 +2.993268728424773e-07 +1.422525881758456e-06 +5.430482058112714e-07 +8.071887073684635e-08 +5.430482058112716e-07 -6.931585614460174e-07
3.240000e+03 -9.293596856364687e-07 +1.674837146331251e-07 +1.324552468353428e-07 +1.674837146331251e-07 +1.756779643026849e-06 +5.834138951451857e-07 +1.324552468353428e-07 +5.834138951451857e-07 -8.274199573903803e-07
3.300000e+03 -1.131338215179650e-06 +2.100650130033017e-07 +1.944222382261035e-07 +2.100650130033019e-07 +2.238031890541318e-06 +4.883296381468787e-07 +1.944222382261035e-07 +4.883296381468785e-07 -1.106693675361668e-06
3.360000e+03 -1.292261105643863e-06 +3.848875219828259e-07 +1.984357790670889e-07 +3.848875219828264e-07 +2.701003957510076e-06 +1.834724310182079e-07 +1.984357790670888e-07 +1.834724310182083e-07 -1.408742851866214e-06
3.420000e+03 -1.390979229320783e-06 +6.166891924572853e-07 +1.131109461650689e-07 +6.166891924572854e-07 +2.988055291246091e-06 -2.942422403761728e-07 +1.131109461650689e-07 -2.942422403761725e-07 -1.597076061925309e-06
3.480000e+03 -1.425167102431660e-06 +8.324427575614889e-07 -5.176092682973220e-08 +8.324427575614889e-07 +3.015288677213239e-06 -8.289997384798912e-07 -5.176092682973230e-08 -8.289997384798912e-07 -1.590121574781579e-06
3.540000e+03 -1.404069600959303e-06 +9.847733819974124e-07 -2.585701159483973e-07 +9.847733819974122e-07 +2.794558055840437e-06 -1.287220507749435e-06 -2.585701159483974e-07 -1.287220507749435e-06 -1.390488454881134e-06
3.600000e+03 -1.341919121056405e-06 +1.058744295963756e-06 -4.615857314891097e-07 +1.058744295963756e-06 +2.413733968551604e-06 -1.573569016826203e-06 -4.615857314891096e-07 -1.573569016826203e-06 -1.071814847495199e-06
3.660000e+03 -1.254123359409015e-06 +1.066000765026316e-06 -6.236603014936763e-07 +1.066000765026316e-06 +1.993774316128731e-06 -1.661481017291525e-06 -6.236603014936762e-07 -1.661481017291525e-06 -7.396509567197165e-07
3.720000e+03 -1.155732006571610e-06 +1.033077507393053e-06 -7.257183938374244e-07 +1.033077507393053e-06 +1.642645986564829e-06 -1.593924764298133e-06 -7.257183938374243e-07 -1.593924764298133e-06 -4.869139799932191e-07
3.780000e+03 -1.060579403244376e-06 +9.892558536986015e-07 -7.688241702080743e-07 +9.892558536986013e-07 +1.420354581335514e-06 -1.460276296859346e-06 -7.688241702080744e-07 -1.460276296859346e-06 -3.597751780911378e-07
3.840000e+03 -9.798778360165669e-07 +9.568549602181324e-07 -7.703494334615469e-07 +9.568549602181324e-07 +1.323133509294773e-06 -1.359515331893909e-06 -7.703494334615470e-07 -1.359515331893909e-06 -3.432556732782061e-07
3.900000e+03 -9.201760479803366e-07 +9.452398471614351e-07 -7.561243526996398e-07 +9.452398471614347e-07 +1.290052441074988e-06 -1.361692662381051e-06 -7.561243526996399e-07 -1.361692662381051e-06 -3.698763930946513e-07
3.960000e+03 -8.816283138314176e-07 +9.492820920271791e-07 -7.507288758276292e-07 +9.492820920271790e-07 +1.230271808729837e-06 -1.480293385824407e-06 -7.507288758276292e-07 -1.480293385824407e-06 -3.486434948984196e-07
4.020000e+03 -8.578276863097846e-07 +9.525816116600949e-07 -7.686621729866006e-07 +9.525816116600946e-07 +1.062645323761501e-06 -1.666306399397834e-06 -7.686621729866005e-07 -1.666306399397834e-06 -2.048176374517151e-07
4.080000e+03 -8.379192090072068e-07 +9.346548234386021e-07 -8.093712609269525e-07 +9.346548234386020e-07 +7.531353892727139e-07 -1.828433751122286e-06 -8.093712609269524e-07 -1.828433751122286e-06 +8.478381973449295e-08
4.140000e+03 -8.106857039610317e-07 +8.796944360175544e-07 -8.581751576127362e-07 +8.796944360175546e-07 +3.337079720441322e-07 -1.873424901624377e-06 -8.581751576127361e-07 -1.873424901624377e-06 +4.769777319168997e-07
4.200000e+03 -7.693523385370047e-07 +7.834403875193957e-07 -8.928928363066347e-07 +7.834403875193958e-07 -1.078127366854474e-07 -1.750232742780188e-06 -8.928928363066346e-07 -1.750232742780187e-06 +8.771650752224525e-07
4.260000e+03 -7.153867740895577e-07 +6.551653812236299e-07 -8.934164231460977e-07 +6.551653812236300e-07 -4.649947520401371e-07 -1.477425640084665e-06 -8.934164231460979e-07 -1.477425640084665e-06 +1.180381526129695e-06
4.320000e+03 -6.596837164767798e-07 +5.138834115506704e-07 -8.499732783055586e-07 +5.138834115506702e-07 -6.615478443435339e-07 -1.138801603202815e-06 -8.499732783055586e-07 -1.138801603202815e-06 +1.321231560820314e-06
4.380000e+03 -6.201783526939957e-07 +3.806854168015738e-07 -7.663796851953546e-07 +3.806854168015737e-07 -6.883087966410627e-07 -8.463961001736807e-07 -7.663796851953545e-07 -8.463961001736807e-07 +1.308487149335059e-06
4.440000e+03 -6.160970521852407e-07 +2.710657774698341e-07 -6.571454018482459e-07 +2.710657774698341e-07 -6.088069562548398e-07 -6.869633489192036e-07 -6.571454018482461e-07 -6.869633489192037e-07 +1.224904008440081e-06
4.500000e+03 -6.605419415400180e-07 +1.909619833875383e-07 -5.405769363043513e-07 +1.909619833875383e-07 -5.286074315745209e-07 -6.785542251991527e-07 -5.405769363043512e-07 -6.785542251991527e-07 +1.189149373114539e-06
4.560000e+03 -7.543060314196940e-07 +1.378766059581343e-07 -4.320643517154046e-07 +1.378766059581343e-07 -5.429517316616458e-07 -7.606195473299799e-07 -4.320643517154045e-07 -7.606195473299800e-07 +1.297257763081340e-06
4.620000e+03 -8.838279475407897e-07 +1.053215947179297e-07 -3.410727813987285e-07 +1.053215947179298e-07 -6.898563980168644e-07 -8.239164578294081e-07 -3.410727813987286e-07 -8.239164578294081e-07 +1.573684345557654e-06
4.680000e+03 -1.024598756334153e-06 +8.709987255892109e-08 -2.724082262714672e-07 +8.709987255892101e-08 -9.331904103008083e-07 -7.646615471885923e-07 -2.724082262714673e-07 -7.646615471885924e-07 +1.957789166634962e-06
4.740000e+03 -1.148846288886877e-06 +7.879696874399621e-08 -2.293132424366688e-07 +7.879696874399629e-08 -1.183364166708919e-06 -5.344163381303821e-07 -2.293132424366689e-07 -5.344163381303822e-07 +2.332210455595796e-06
4.800000e+03 -1.234415723470206e-06 +7.641251779581157e-08 -2.150846664325588e-07 +7.641251779581160e-08 -1.342859829166887e-06 -1.609147487311887e-07 -2.150846664325591e-07 -1.609147487311887e-07 +2.577275552637093e-06
4.860000e+03 -1.271460985333103e-06 +7.423037934358104e-08 -2.315314510497116e-07 +7.423037934358110e-08 -1.352224692239947e-06 +2.681562275809910e-07 -2.315314510497117e-07 +2.681562275809910e-07 +2.623685677573050e-06
4.920000e+03 -1.264719120202129e-06 +6.436715081299675e-08 -2.751882811692504e-07 +6.436715081299699e-08 -1.214525373059470e-06 +6.475797622229461e-07 -2.751882811692504e-07 +6.475797622229461e-07 +2.479244493261599e-06
4.980000e+03 -1.230887026263479e-06 +3.907513430784773e-08 -3.339509273710054e-07 +3.907513430784770e-08 -9.889785898004922e-07 +9.014074835217303e-07 -3.339509273710055e-07 +9.014074835217305e-07 +2.219865616063972e-06
5.040000e+03 -1.192202462198301e-06 -5.061308716045999e-09 -3.868509080109970e-07 -5.061308716045973e-09 -7.596448874597697e-07 +1.012752173071589e-06 -3.868509080109969e-07 +1.012752173071589e-06 +1.951847349658071e-06
5.100000e+03 -1.168433723425185e-06 -6.326786957760930e-08 -4.082544839740047e-07 -6.326786957760946e-08 -5.956648344189685e-07 +1.024879675905356e-06 -4.082544839740048e-07 +1.024879675905356e-06 +1.764098557844154e-06
5.160000e+03 -1.169971073165543e-06 -1.214738704792666e-07 -3.756310800594368e-07 -1.214738704792665e-07 -5.217329418837274e-07 +1.015587525215435e-06 -3.756310800594366e-07 +1.015587525215435e-06 +1.691704015049270e-06
5.220000e+03 -1.194399022614511e-06 -1.593110169060825e-07 -2.781383318698330e-07 -1.593110169060825e-07 -5.112360107292625e-07 +1.058493511883941e-06 -2.781383318698331e-07 +1.058493511883941e-06 +1.705635033343774e-06
5.280000e+03 -1.227734021340299e-06 -1.567319758940570e-07 -1.224943851793493e-07 -1.567319758940570e-07 -5.031274262239058e-07 +1.189516566991857e-06 -1.224943851793493e-07 +1.189516566991857e-06 +1.730861447564205e-06
5.340000e+03 -1.249797469119542e-06 -1.019860033702071e-07 +6.659064606254468e-08 -1.019860033702070e-07 -4.327993237684092e-07 +1.392834743427180e-06 +6.659064606254484e-08 +1.392834743427180e-06 +1.682596792887952e-06
5.400000e+03 -1.241726230531819e-06 +2.164966219914187e-09 +2.520901578027317e-07 +2.164966219914028e-09 -2.620206943198271e-07 +1.610607065849634e-06 +2.520901578027317e-07 +1.610607065849634e-06 +1.503746924851647e-06
5.460000e+03 -1.193067780275784e-06 +1.366468074151063e-07 +3.947899246170632e-07 +1.366468074151064e-07 +4.883369264577696e-09 +1.770190148487569e-06 +3.947899246170632e-07 +1.770190148487569e-06 +1.188184411011207e-06
5.520000e+03 -1.106336405345063e-06 +2.698720202576856e-07 +4.646926398996202e-07 +2.698720202576854e-07 +3.242563124628550e-07 +1.816259600118496e-06 +4.646926398996204e-07 +1.816259600118495e-06 +7.820800928822086e-07
5.580000e+03 -9.978400479879167e-07 +3.665153099086993e-07 +4.502331211805851e-07 +3.665153099086994e-07 +6.331528859247141e-07 +1.734787761877905e-06 +4.502331211805850e-07 +1.734787761877905e-06 +3.646871620632025e-07
5.640000e+03 -8.944957618772327e-07 +3.990759275385191e-07 +3.625338726291937e-07 +3.990759275385192e-07 +8.774922421295773e-07 +1.559912834536657e-06 +3.625338726291936e-07 +1.559912834536657e-06 +1.700351974765519e-08
5.700000e+03 -8.270914351551786e-07 +3.589262458713260e-07 +2.331405560799664e-07 +3.589262458713260e-07 +1.036892878996317e-06 +1.361090391191063e-06 +2.331405560799663e-07 +1.361090391191063e-06 -2.098014438411386e-07
5.760000e+03 -8.212334555878183e-07 +2.630203161065739e-07 +1.052031373021091e-07 +2.630203161065739e-07 +1.135634564698552e-06 +1.214820139140055e-06 +1.052031373021090e-07 +1.214820139140055e-06 -3.144011091107339e-07
5.820000e+03 -8.881889657426040e-07 +1.528576715661600e-07 +1.994928695501234e-08 +1.528576715661599e-07 +1.233688578906644e-06 +1.171331922128658e-06 +1.994928695501233e-08 +1.171331922128658e-06 -3.454996131640394e-07
5.880000e+03 -1.018658105161525e-06 +8.416228352922052e-08 +2.317301893915781e-09 +8.416228352922055e-08 +1.399424427227313e-06 +1.229963688202367e-06 +2.317301893915758e-09 +1.229963688202367e-06 -3.807663220657875e-07
5.940000e+03 -1.182436295383037e-06 +1.090405889988269e-07 +5.093586551848285e-08 +1.090405889988268e-07 +1.674275494350486e-06 +1.335204285818612e-06 +5.093586551848294e-08 +1.335204285818612e-06 -4.918391989674487e-07
6.000000e+03 -1.335364949130166e-06 +2.560491934701323e-07 +1.371156942742840e-07 +2.560491934701322e-07 +2.045240602412467e-06 +1.397623118225134e-06 +1.371156942742839e-07 +1.397623118225134e-06 -7.098756532823009e-07
6.060000e+03 -1.432221224916375e-06 +5.157663485631087e-07 +2.146513161442444e-07 +5.157663485631088e-07 +2.439765304135204e-06 +1.332722153472424e-06 +2.146513161442444e-07 +1.332722153472424e-06 -1.007544079218829e-06
6.120000e+03 -1.441509297708279e-06 +8.386388548352677e-07 +2.378615054634574e-07 +8.386388548352675e-07 +2.748785484340449e-06 +1.101488890738388e-06 +2.378615054634574e-07 +1.101488890738388e-06 -1.307276186632170e-06
6.180000e+03 -1.356879738090017e-06 +1.148013989220356e-06 +1.813038846823547e-07 +1.148013989220356e-06 +2.871238364440125e-06 +7.339514145624098e-07 +1.813038846823548e-07 +7.339514145624098e-07 -1.514358626350108e-06
6.240000e+03 -1.200722759910092e-06 +1.365690977588483e-06 +5.283728773186976e-08 +1.365690977588482e-06 +2.762665017624549e-06 +3.227236507686323e-07 +5.283728773186979e-08 +3.227236507686323e-07 -1.561942257714457e-06
6.300000e+03 -1.017964124848769e-06 +1.441876122732744e-06 -1.068240084834058e-07 +1.441876122732744e-06 +2.465905234602324e-06 -1.470004259337081e-08 -1.068240084834059e-07 -1.470004259337071e-08 -1.447941109753555e-06
6.360000e+03 -8.613740227052961e-07 +1.377878547882121e-06 -2.401990782618245e-07 +1.377878547882121e-06 +2.105486737190866e-06 -1.920010096735022e-07 -2.401990782618245e-07 -1.920010096735025e-07 -1.244112714485570e-06
6.420000e+03 -7.729117141685879e-07 +1.230083349946932e-06 -2.999148269663580e-07 +1.230083349946932e-06 +1.839887582181208e-06 -2.036430671394200e-07 -2.999148269663580e-07 -2.036430671394199e-07 -1.066975868012620e-06
6.480000e+03 -7.678383048295978e-07 +1.089381518446403e-06 -2.746842168407869e-07 +1.089381518446403e-06 +1.785813246970580e-06 -1.397480804438106e-07 -2.746842168407869e-07 -1.397480804438106e-07 -1.017974942140982e-06
6.540000e+03 -8.283515011759836e-07 +1.041145920683408e-06 -2.000591706387771e-07 +1.041145920683408e-06 +1.948832074034534e-06 -1.492514682170109e-07 -2.000591706387772e-07 -1.492514682170108e-07 -1.120480572858551e-06
6.600000e+03 -9.104047172295283e-07 +1.122721845521489e-06 -1.448101234661953e-07 +1.122721845521489e-06 +2.201800850738288e-06 -3.607831955677028e-07 -1.448101234661954e-07 -3.607831955677028e-07 -1.291396133508760e-06
6.660000e+03 -9.617482018530857e-07 +1.300510440079254e-06 -1.762974658053473e-07 +1.300510440079254e-06 +2.334877472910263e-06 -8.002360060374776e-07 -1.762974658053473e-07 -8.002360060374775e-07 -1.373129271057178e-06
6.720000e+03 -9.437748602166855e-07 +1.481366140595138e-06 -3.215236375908208e-07 +1.481366140595138e-06 +2.161919582506287e-06 -1.355695663802527e-06 -3.215236375908207e-07 -1.355695663802527e-06 -1.218144722289603e-06
6.780000e+03 -8.478331998539737e-07 +1.555532614313122e-06 -5.457745789332376e-07 +1.555532614313122e-06 +1.629797993444931e-06 -1.820557606426684e-06 -5.457745789332376e-07 -1.820557606426683e-06 -7.819647935909584e-07
6.840000e+03 -6.995528805133392e-07 +1.450621412485619e-06 -7.633216864061237e-07 +1.450621412485619e-06 +8.661141743509999e-07 -2.001513827644478e-06 -7.633216864061236e-07 -2.001513827644478e-06 -1.665612938376603e-07
6.900000e+03 -5.503817758866553e-07 +1.168712496737556e-06 -8.777346312499082e-07 +1.168712496737556e-06 +1.281400549626352e-07 -1.834788437299575e-06 -8.777346312499082e-07 -1.834788437299575e-06 +4.222417209240196e-07
6.960000e+03 -4.604319404482361e-07 +7.862445552595734e-07 -8.317352846719621e-07 +7.862445552595736e-07 -3.297719909919955e-07 -1.438817323557386e-06 -8.317352846719619e-07 -1.438817323557387e-06 +7.902039314402317e-07
7.020000e+03 -4.787892462063174e-07 +4.161075454752892e-07 -6.385236779929540e-07 +4.161075454752893e-07 -3.994976888351170e-07 -1.059847303384625e-06 -6.385236779929542e-07 -1.059847303384625e-06 +8.782869350414343e-07
7.080000e+03 -6.271557933464066e-07 +1.532889206537882e-07 -3.753636934337356e-07 +1.532889206537882e-07 -1.845035710709464e-07 -9.314030873571429e-07 -3.753636934337356e-07 -9.314030873571427e-07 +8.116593644173532e-07
7.140000e+03 -8.915864940524854e-07 +3.533233038496469e-08 -1.433763241090285e-07 +3.533233038496474e-08 +6.045689596524895e-08 -1.131911332926016e-06 -1.433763241090285e-07 -1.131911332926016e-06 +8.311295980872367e-07
7.200000e+03 -1.225323837854771e-06 +3.785879838364714e-08 -1.931959072887771e-08 +3.785879838364715e-08 +8.042432820269790e-08 -1.534850499905790e-06 -1.931959072887771e-08 -1.534850499905790e-06 +1.144899509652074e-06
7.260000e+03 -1.562292089562238e-06 +1.010246990955662e-07 -2.778402167970379e-08 +1.010246990955665e-07 -2.358046407515636e-07 -1.883923335519062e-06 -2.778402167970395e-08 -1.883923335519063e-06 +1.798096730313802e-06
7.320000e+03 -1.836357478856108e-06 +1.649429484128063e-07 -1.444048453316049e-07 +1.649429484128064e-07 -8.063136157029973e-07 -1.939157265598560e-06 -1.444048453316050e-07 -1.939157265598560e-06 +2.642671094559106e-06
7.380000e+03 -1.999144767086787e-06 +1.931259749918303e-07 -3.196533626317471e-07 +1.931259749918300e-07 -1.417309214880884e-06 -1.600433563797932e-06 -3.196533626317472e-07 -1.600433563797932e-06 +3.416453981967672e-06
7.440000e+03 -2.030939342813887e-06 +1.767622184247866e-07 -5.047576686281069e-07 +1.767622184247862e-07 -1.842636218996629e-06 -9.450807630499454e-07 -5.047576686281070e-07 -9.450807630499455e-07 +3.873575561810516e-06
7.500000e+03 -1.943083304314721e-06 +1.252290878376918e-07 -6.668601131366567e-07 +1.252290878376919e-07 -1.950337046275081e-06 -1.765854603141117e-07 -6.668601131366564e-07 -1.765854603141117e-07 +3.893420350589802e-06
7.560000e+03 -1.773054234563100e-06 +5.274531350172408e-08 -7.903551944809439e-07 +5.274531350172412e-08 -1.749938336344451e-06 +4.754519977441679e-07 -7.903551944809437e-07 +4.754519977441681e-07 +3.522992570907550e-06
7.620000e+03 -1.574054548437030e-06 -3.079159981533961e-08 -8.685031606540917e-07 -3.079159981533962e-08 -1.371665745925174e-06 +8.536139297504738e-07 -8.685031606540917e-07 +8.536139297504741e-07 +2.945720294362205e-06
7.680000e+03 -1.400806105553260e-06 -1.210344784259614e-07 -8.926542923962536e-07 -1.210344784259615e-07 -9.971369945706007e-07 +9.304839761751985e-07 -8.926542923962540e-07 +9.304839761751986e-07 +2.397943100123861e-06
7.740000e+03 -1.293983124836783e-06 -2.133734535235167e-07 -8.466609491145971e-07 -2.133734535235167e-07 -7.753178781808053e-07 +8.077732446631716e-07 -8.466609491145970e-07 +8.077732446631717e-07 +2.069301003017588e-06
7.800000e+03 -1.267431455060851e-06 -2.950156525305083e-07 -7.114075155014611e-07 -2.950156525305083e-07 -7.592670953912302e-07 +6.611889495822779e-07 -7.114075155014614e-07 +6.611889495822778e-07 +2.026698550452082e-06
7.860000e+03 -1.303346188930657e-06 -3.418352456010852e-07 -4.787782401002016e-07 -3.418352456010853e-07 -8.892627105588979e-07 +6.562029781944391e-07 -4.787782401002015e-07 +6.562029781944392e-07 +2.192608899489555e-06
7.920000e+03 -1.358919018657500e-06 -3.249033709718224e-07 -1.677322306835893e-07 -3.249033709718225e-07 -1.027984836086933e-06 +8.720729093724234e-07 -1.677322306835892e-07 +8.720729093724234e-07 +2.386903854744433e-06
7.980000e+03 -1.383425359666276e-06 -2.257435659365552e-07 +1.684080375727881e-07 -2.257435659365550e-07 -1.030257294297614e-06 +1.268229960048955e-06 +1.684080375727882e-07 +1.268229960048955e-06 +2.413682653963891e-06
8.040000e+03 -1.339625094564985e-06 -5.270030314024216e-08 +4.514853728754885e-07 -5.270030314024229e-08 -8.140666918244252e-07 +1.707967394658461e-06 +4.514853728754884e-07 +1.707967394658461e-06 +2.153691786389411e-06
8.100000e+03 -1.220806731299738e-06 +1.521706084190245e-07 +6.043452093646028e-07 +1.521706084190245e-07 -3.992020804319812e-07 +2.027740338086563e-06 +6.043452093646027e-07 +2.027740338086563e-06 +1.620008811731720e-06
8.160000e+03 -1.056222192647116e-06 +3.230377125508130e-07 +5.829643351259632e-07 +3.230377125508131e-07 +1.048516940652183e-07 +2.118948490312186e-06 +5.829643351259633e-07 +2.118948490312186e-06 +9.513704985818975e-07
8.220000e+03 -9.020951064751644e-07 +3.960749657778183e-07 +3.997411608396855e-07 +3.960749657778183e-07 +5.560487169247269e-07 +1.982511850582622e-06 +3.997411608396855e-07 +1.982511850582622e-06 +3.460463895504372e-07
8.280000e+03 -8.208507128582917e-07 +3.407490919680404e-07 +1.250699569088330e-07 +3.407490919680404e-07 +8.536254506231520e-07 +1.728239684140060e-06 +1.250699569088330e-07 +1.728239684140060e-06 -3.277473776486056e-08
8.340000e+03 -8.559480375052305e-07 +1.809647074553810e-07 -1.365222774582698e-07 +1.809647074553810e-07 +9.899337785390007e-07 +1.517438004213443e-06 -1.365222774582697e-07 +1.517438004213443e-06 -1.339857410337705e-07
8.400000e+03 -1.012208660848518e-06 -6.951168040925609e-09 -2.870937011849986e-07 -6.951168040925662e-09 +1.051008478953233e-06 +1.477364569915084e-06 -2.870937011849984e-07 +1.477364569915084e-06 -3.879981810471559e-08
8.460000e+03 -1.250370199750683e-06 -1.217799485240640e-07 -2.749594605385193e-07 -1.217799485240640e-07 +1.164280955920709e-06 +1.633322058114225e-06 -2.749594605385194e-07 +1.633322058114225e-06 +8.608924382997429e-08
8.520000e+03 -1.499177327835864e-06 -7.932970287111546e-08 -1.148062454027572e-07 -7.932970287111540e-08 +1.422818816821722e-06 +1.895483142725608e-06 -1.148062454027571e-07 +1.895483142725609e-06 +7.635851101414204e-08
8.580000e+03 -1.680521144477121e-06 +1.505728107453504e-07 +1.209858934862359e-07 +1.505728107453502e-07 +1.829221093431109e-06 +2.106271431950433e-06 +1.209858934862360e-07 +2.106271431950433e-06 -1.486999489539885e-07
8.640000e+03 -1.737090990784167e-06 +5.290934898781413e-07 +3.350071701876553e-07 +5.290934898781411e-07 +2.289422695867941e-06 +2.120488825313281e-06 +3.350071701876552e-07 +2.120488825313281e-06 -5.523317050837740e-07
8.700000e+03 -1.651264211348585e-06 +9.616909038717148e-07 +4.458762866781242e-07 +9.616909038717148e-07 +2.657361208130170e-06 +1.875570168138974e-06 +4.458762866781241e-07 +1.875570168138973e-06 -1.006096996781585e-06
8.760000e+03 -1.448582082270301e-06 +1.333381782416806e-06 +4.197281822904106e-07 +1.333381782416806e-06 +2.805503450213802e-06 +1.418927867680646e-06 +4.197281822904106e-07 +1.418927867680647e-06 -1.356921367943501e-06
8.820000e+03 -1.185999399236675e-06 +1.551263220814452e-06 +2.798276610592202e-07 +1.551263220814452e-06 +2.686447070168843e-06 +8.830030001228765e-07 +2.798276610592203e-07 +8.830030001228762e-07 -1.500447670932169e-06
8.880000e+03 -9.306716446295357e-07 +1.577628671311514e-06 +9.184601366808475e-08 +1.577628671311514e-06 +2.357502769147347e-06 +4.223936755530145e-07 +9.184601366808470e-08 +4.223936755530145e-07 -1.426831124517811e-06
8.940000e+03 -7.376404218700849e-07 +1.440914157233835e-06 -6.773578483890996e-08 +1.440914157233835e-06 +1.957151444041583e-06 +1.426828515509669e-07 -6.773578483891009e-08 +1.426828515509671e-07 -1.219511022171499e-06
9.000000e+03 -6.343003735633320e-07 +1.220136251510211e-06 -1.457914079975624e-07 +1.220136251510211e-06 +1.643142808112928e-06 +5.378070162696627e-08 -1.457914079975623e-07 +5.378070162696648e-08 -1.008842434549596e-06
9.060000e+03 -6.165058670388278e-07 +1.009368841662346e-06 -1.338316519235800e-07 +1.009368841662346e-06 +1.520206658879360e-06 +7.021144594804458e-08 -1.338316519235800e-07 +7.021144594804458e-08 -9.037007918405330e-07
9.120000e+03 -6.564887673679534e-07 +8.780989951445917e-07 -6.692837598883302e-08 +8.780989951445918e-07 +1.592534172101389e-06 +5.867422225142315e-08 -6.692837598883300e-08 +5.867422225142315e-08 -9.360454047334361e-07
9.180000e+03 -7.180312608661493e-07 +8.456912746974403e-07 -2.018339079719694e-09 +8.456912746974403e-07 +1.765656756862308e-06 -9.153460471130973e-08 -2.018339079719721e-09 -9.153460471130973e-08 -1.047625495996159e-06
9.240000e+03 -7.717290956283290e-07 +8.810087084615756e-07 +1.204948222681904e-08 +8.810087084615757e-07 +1.896752486121671e-06 -4.125661337077998e-07 +1.204948222681894e-08 -4.125661337078000e-07 -1.125023390493342e-06
9.300000e+03 -8.040964371109877e-07 +9.249709907466549e-07 -4.317919136364450e-08 +9.249709907466551e-07 +1.866102953354075e-06 -8.453480472003340e-07 -4.317919136364448e-08 -8.453480472003341e-07 -1.062006516243088e-06
9.360000e+03 -8.180813682794695e-07 +9.225018211685518e-07 -1.513890218030598e-07 +9.225018211685519e-07 +1.632183892123403e-06 -1.273809529026583e-06 -1.513890218030596e-07 -1.273809529026583e-06 -8.141025238439336e-07
9.420000e+03 -8.268947620330856e-07 +8.474572878047857e-07 -2.746555774915146e-07 +8.474572878047857e-07 +1.244512413690356e-06 -1.584154673319353e-06 -2.746555774915148e-07 -1.584154673319353e-06 -4.176176516572703e-07
9.480000e+03 -8.455102440020755e-07 +7.101911496331302e-07 -3.748336596812547e-07 +7.101911496331302e-07 +8.128082369649239e-07 -1.716880739421335e-06 -3.748336596812547e-07 -1.716880739421335e-06 +3.270200703715181e-08
9.540000e+03 -8.839536351011222e-07 +5.475346548918520e-07 -4.313609189447469e-07 +5.475346548918521e-07 +4.526337669626905e-07 -1.687437542783022e-06 -4.313609189447469e-07 -1.687437542783022e-06 +4.313198681384317e-07
9.600000e+03 -9.444530595365599e-07 +4.031324596692640e-07 -4.476612709700282e-07 +4.031324596692639e-07 +2.355215814548822e-07 -1.570409259482015e-06 -4.476612709700282e-07 -1.570409259482015e-06 +7.089314780816780e-07
9.660000e+03 -1.022216025047558e-06 +3.087119599696954e-07 -4.454127781217298e-07 +3.087119599696954e-07 +1.645945144423643e-07 -1.459887224760964e-06 -4.454127781217298e-07 -1.459887224760964e-06 +8.576215106051934e-07
9.720000e+03 -1.108181887935558e-06 +2.740068155884346e-07 -4.518264674638477e-07 +2.740068155884346e-07 +1.816203264389293e-07 -1.426821899789694e-06 -4.518264674638477e-07 -1.426821899789694e-06 +9.265615614966291e-07
9.780000e+03 -1.191896886797768e-06 +2.874202245377265e-07 -4.870786442796190e-07 +2.874202245377263e-07 +1.973734511334373e-07 -1.491216901604350e-06 -4.870786442796190e-07 -1.491216901604350e-06 +9.945234356643302e-07
9.840000e+03 -1.263364307292555e-06 +3.244849805872096e-07 -5.571592452844943e-07 +3.244849805872098e-07 +1.300634428000887e-07 -1.617556428006005e-06 -5.571592452844941e-07 -1.617556428006005e-06 +1.133300864492467e-06
9.900000e+03 -1.313750265503374e-06 +3.588890582540786e-07 -6.536898759451513e-07 +3.588890582540784e-07 -6.293876001095431e-08 -1.731936059728731e-06 -6.536898759451512e-07 -1.731936059728731e-06 +1.376689025514328e-06
9.960000e+03 -1.335617633290814e-06 +3.713959909242437e-07 -7.590640226328902e-07 +3.713959909242439e-07 -3.698652476172341e-07 -1.752735953398593e-06 -7.590640226328904e-07 -1.752735953398592e-06 +1.705482880908048e-06
1.002000e+04 -1.323575081090686e-06 +3.541175604320232e-07 -8.537665907289577e-07 +3.541175604320234e-07 -7.294627396806250e-07 -1.623784994925826e-06 -8.537665907289577e-07 -1.623784994925827e-06 +2.053037820771311e-06
1.008000e+04 -1.275827625889896e-06 +3.098651378943487e-07 -9.228070718882352e-07 +3.098651378943487e-07 -1.053961114755331e-06 -1.338781092651280e-06 -9.228070718882353e-07 -1.338781092651280e-06 +2.329788740645228e-06
1.014000e+04 -1.196330610780588e-06 +2.479463674739272e-07 -9.591341929280527e-07 +2.479463674739274e-07 -1.262783612604062e-06 -9.477937684502063e-07 -9.591341929280529e-07 -9.477937684502064e-07 +2.459114223384650e-06
1.020000e+04 -1.096457718841542e-06 +1.786658538456308e-07 -9.631567689612170e-07 +1.786658538456307e-07 -1.315385246569931e-06 -5.414718848655833e-07 -9.631567689612168e-07 -5.414718848655833e-07 +2.411842965411474e-06
1.026000e+04 -9.947036269175834e-07 +1.090057841157340e-07 -9.389168815614152e-07 +1.090057841157339e-07 -1.229913665765317e-06 -2.163118638889686e-07 -9.389168815614153e-07 -2.163118638889686e-07 +2.224617292682900e-06
1.032000e+04 -9.133077885348830e-07 +4.142963213768950e-08 -8.889339513617159e-07 +4.142963213768940e-08 -1.077641572027856e-06 -3.330346555758912e-08 -8.889339513617160e-07 -3.330346555758912e-08 +1.990949360562739e-06
1.038000e+04 -8.719487821598673e-07 -2.367143876120089e-08 -8.107748784198580e-07 -2.367143876120080e-08 -9.523017089946272e-07 +1.170719803068132e-08 -8.107748784198578e-07 +1.170719803068127e-08 +1.824250491154495e-06
1.044000e+04 -8.804652859749738e-07 -8.344199372686757e-08 -6.981308634443676e-07 -8.344199372686749e-08 -9.259525113023725e-07 -1.049463559757705e-08 -6.981308634443674e-07 -1.049463559757715e-08 +1.806417797277347e-06
1.050000e+04 -9.339213377727724e-07 -1.292160933128274e-07 -5.469955952143039e-07 -1.292160933128274e-07 -1.012299857645067e-06 +6.255521573438615e-09 -5.469955952143036e-07 +6.255521573438668e-09 +1.946221195417840e-06
1.056000e+04 -1.013071246437948e-06 -1.476176132868606e-07 -3.640974883085219e-07 -1.476176132868606e-07 -1.157455926602528e-06 +1.522132681123845e-07 -3.640974883085220e-07 +1.522132681123846e-07 +2.170527173040475e-06
1.062000e+04 -1.091024926240482e-06 -1.269268851412268e-07 -1.721622708436222e-07 -1.269268851412270e-07 -1.265103708354602e-06 +4.558136787732313e-07 -1.721622708436224e-07 +4.558136787732312e-07 +2.356128634595084e-06
1.068000e+04 -1.143755202902530e-06 -6.580809603086358e-08 -7.114940384401434e-09 -6.580809603086358e-08 -1.244424873798921e-06 +8.676665419020814e-07 -7.114940384401487e-09 +8.676665419020812e-07 +2.388180076701452e-06
1.074000e+04 -1.159939108474605e-06 +2.103076887577138e-08 +9.367225859935438e-08 +2.103076887577140e-08 -1.056096844782050e-06 +1.283811867824493e-06 +9.367225859935440e-08 +1.283811867824493e-06 +2.216035953256654e-06
1.080000e+04 -1.145751172337393e-06 +1.049712194067974e-07 +1.076837361102607e-07 +1.049712194067974e-07 -7.321722405592512e-07 +1.596728194081936e-06 +1.076837361102608e-07 +1.596728194081935e-06 +1.877923412896645e-06
1.086000e+04 -1.122408419317505e-06 +1.542556303789407e-07 +4.031351669265332e-08 +1.542556303789408e-07 -3.593692916436712e-07 +1.747869284231039e-06 +4.031351669265343e-08 +1.747869284231039e-06 +1.481777710961177e-06
1.092000e+04 -1.117284739971491e-06 +1.492711093154530e-07 -7.257443235521359e-08 +1.492711093154529e-07 -3.457176119490642e-08 +1.754643910087548e-06 -7.257443235521354e-08 +1.754643910087548e-06 +1.151856501166398e-06
1.098000e+04 -1.152017516581675e-06 +9.495005191545379e-08 -1.754021845281308e-07 +9.495005191545387e-08 +1.839676658650209e-07 +1.697953362393807e-06 -1.754021845281310e-07 +1.697953362393808e-06 +9.680498507166539e-07
1.104000e+04 -1.232366665052996e-06 +2.330369696730190e-08 -2.135034980797362e-07 +2.330369696730193e-08 +3.038413962837442e-07 +1.676990017117629e-06 -2.135034980797362e-07 +1.676990017117629e-06 +9.285252687692517e-07
1.110000e+04 -1.344117818126092e-06 -1.664501628832298e-08 -1.550495500464667e-07 -1.664501628832311e-08 +3.898578901362883e-07 +1.755335214716186e-06 -1.550495500464668e-07 +1.755335214716186e-06 +9.542599279898032e-07
1.116000e+04 -1.456959512398049e-06 +2.187132735786022e-08 -4.467571003687733e-09 +2.187132735786016e-08 +5.249154428011305e-07 +1.926804077700386e-06 -4.467571003687786e-09 +1.926804077700386e-06 +9.320440695969189e-07
1.122000e+04 -1.534825818170753e-06 +1.630726485899431e-07 +1.988403698675154e-07 +1.630726485899430e-07 +7.620935501210090e-07 +2.118228224259961e-06 +1.988403698675154e-07 +2.118228224259960e-06 +7.727322680497447e-07
1.128000e+04 -1.548383950545380e-06 +3.962504992271125e-07 +3.959208155517607e-07 +3.962504992271124e-07 +1.093362772581619e-06 +2.226267066433311e-06 +3.959208155517608e-07 +2.226267066433312e-06 +4.550211779637605e-07
1.134000e+04 -1.484726098635875e-06 +6.766736847722184e-07 +5.309773945065511e-07 +6.766736847722184e-07 +1.450199272779148e-06 +2.168381508001060e-06 +5.309773945065511e-07 +2.168381508001060e-06 +3.452682585672687e-08
1.140000e+04 -1.351088202669355e-06 +9.394244497790898e-07 +5.718145808201802e-07 +9.394244497790898e-07 +1.734718747647745e-06 +1.922980117868955e-06 +5.718145808201802e-07 +1.922980117868954e-06 -3.836305449783905e-07
1.146000e+04 -1.172254909933193e-06 +1.120848965345949e-06 +5.201852834052185e-07 +1.120848965345949e-06 +1.866082774991162e-06 +1.540883556460475e-06 +5.201852834052188e-07 +1.540883556460475e-06 -6.938278650579688e-07
1.152000e+04 -9.835236699796215e-07 +1.179959941497993e-06 +4.087991317378987e-07 +1.179959941497993e-06 +1.821238183238148e-06 +1.123893598580513e-06 +4.087991317378986e-07 +1.123893598580513e-06 -8.377145132585262e-07
1.158000e+04 -8.218343904984621e-07 +1.112547495446611e-06 +2.868532379455042e-07 +1.112547495446611e-06 +1.651756888504564e-06 +7.798714637861551e-07 +2.868532379455040e-07 +7.798714637861552e-07 -8.299224980061022e-07
1.164000e+04 -7.172353317339792e-07 +9.531442067626130e-07 +1.998334128189890e-07 +9.531442067626130e-07 +1.467490277331504e-06 +5.732203991467376e-07 +1.998334128189890e-07 +5.732203991467377e-07 -7.502549455975247e-07
1.170000e+04 -6.861646239432209e-07 +7.636113701465394e-07 +1.712006431564608e-07 +7.636113701465394e-07 +1.390681723237893e-06 +4.928057473648139e-07 +1.712006431564607e-07 +4.928057473648138e-07 -7.045170992946719e-07
1.176000e+04 -7.277290024714335e-07 +6.114819508931500e-07 +1.930790381129056e-07 +6.114819508931501e-07 +1.498112113607782e-06 +4.542560963941474e-07 +1.930790381129056e-07 +4.542560963941471e-07 -7.703831111363491e-07
1.182000e+04 -8.241021615351125e-07 +5.454119357224887e-07 +2.300227296937887e-07 +5.454119357224886e-07 +1.778169187285173e-06 +3.396070955902983e-07 +2.300227296937889e-07 +3.396070955902980e-07 -9.540670257500610e-07
1.188000e+04 -9.456118721752762e-07 +5.773096391161722e-07 +2.348355636316373e-07 +5.773096391161724e-07 +2.127231196709283e-06 +5.827679521695599e-08 +2.348355636316374e-07 +5.827679521695599e-08 -1.181619324534007e-06
1.194000e+04 -1.059626160958373e-06 +6.789731201427643e-07 +1.700299021778369e-07 +6.789731201427643e-07 +2.392543218192978e-06 -4.008064348988115e-07 +1.700299021778368e-07 -4.008064348988118e-07 -1.332917057234605e-06
1.200000e+04 -1.140588503485693e-06 +7.952228246616920e-07 +2.551863336968594e-08 +7.952228246616920e-07 +2.443957306480139e-06 -9.550397335094998e-07 +2.551863336968590e-08 -9.550397335094998e-07 -1.303368802994446e-06
1.206000e+04 -1.177706553334818e-06 +8.681585015956649e-07 -1.755833982620459e-07 +8.681585015956648e-07 +2.239183849622941e-06 -1.462707756129476e-06 -1.755833982620458e-07 -1.462707756129476e-06 -1.061477296288123e-06
1.212000e+04 -1.177545686634658e-06 +8.621049588659687e-07 -3.860075848152330e-07 +8.621049588659687e-07 +1.848208039671688e-06 -1.791049377219804e-06 -3.860075848152329e-07 -1.791049377219804e-06 -6.706623530370304e-07
1.218000e+04 -1.160678839768849e-06 +7.785043443328324e-07 -5.545633838589204e-07 +7.785043443328322e-07 +1.422250168440112e-06 -1.883815044435826e-06 -5.545633838589204e-07 -1.883815044435826e-06 -2.615713286712636e-07
1.224000e+04 -1.153593319811269e-06 +6.544050245473653e-07 -6.487578900046216e-07 +6.544050245473653e-07 +1.120475513095446e-06 -1.792877236627994e-06 -6.487578900046217e-07 -1.792877236627994e-06 +3.311780671582315e-08
1.230000e+04 -1.178526363329143e-06 +5.453086359372449e-07 -6.695890727744275e-07 +5.453086359372447e-07 +1.029694815444812e-06 -1.655226472085544e-06 -6.695890727744273e-07 -1.655226472085544e-06 +1.488315478843316e-07
1.236000e+04 -1.244549164002132e-06 +5.000580291981718e-07 -6.514537870510858e-07 +5.000580291981719e-07 +1.117726750496672e-06 -1.624031179333313e-06 -6.514537870510858e-07 -1.624031179333313e-06 +1.268224135054597e-07
1.242000e+04 -1.342942348784354e-06 +5.391058407888056e-07 -6.468399442892530e-07 +5.391058407888056e-07 +1.246031786745256e-06 -1.787285461910840e-06 -6.468399442892530e-07 -1.787285461910840e-06 +9.691056203909794e-08
1.248000e+04 -1.448602893725472e-06 +6.458570051698519e-07 -7.027197424179796e-07 +6.458570051698521e-07 +1.237591961202737e-06 -2.116269161784263e-06 -7.027197424179796e-07 -2.116269161784263e-06 +2.110109325227353e-07
1.254000e+04 -1.527143027530264e-06 +7.743905371769310e-07 -8.394562339205933e-07 +7.743905371769307e-07 +9.669661861414343e-07 -2.472187915489113e-06 -8.394562339205929e-07 -2.472187915489113e-06 +5.601768413888306e-07
1.260000e+04 -1.545352669062852e-06 +8.691402882424597e-07 -1.041448723776478e-06 +8.691402882424596e-07 +4.274710844922774e-07 -2.669742054012778e-06 -1.041448723776478e-06 -2.669742054012779e-06 +1.117881584570575e-06
1.266000e+04 -1.481791342239995e-06 +8.871561555066468e-07 -1.262889881458811e-06 +8.871561555066467e-07 -2.580411062223603e-07 -2.567588430249062e-06 -1.262889881458811e-06 -2.567588430249062e-06 +1.739832448462355e-06
1.272000e+04 -1.334677911559768e-06 +8.134079242689994e-07 -1.445291394419602e-06 +8.134079242689994e-07 -8.889188393155238e-07 -2.142499188109622e-06 -1.445291394419603e-06 -2.142499188109622e-06 +2.223596750875292e-06
1.278000e+04 -1.125212991797460e-06 +6.634661858926706e-07 -1.538846109242103e-06 +6.634661858926704e-07 -1.278172936952044e-06 -1.510830312905899e-06 -1.538846109242103e-06 -1.510830312905899e-06 +2.403385928749504e-06
1.284000e+04 -8.951464889424761e-07 +4.736801039918152e-07 -1.518549253870531e-06 +4.736801039918154e-07 -1.342091464079561e-06 -8.830768964046748e-07 -1.518549253870531e-06 -8.830768964046749e-07 +2.237237953022038e-06
1.290000e+04 -6.978710264996414e-07 +2.845396920692256e-07 -1.388554071102905e-06 +2.845396920692257e-07 -1.144015097763986e-06 -4.671758352523116e-07 -1.388554071102905e-06 -4.671758352523116e-07 +1.841886124263628e-06
1.296000e+04 -5.836650678950593e-07 +1.260519896239656e-07 -1.174110161235868e-06 +1.260519896239656e-07 -8.654768999024185e-07 -3.642595300935714e-07 -1.174110161235868e-06 -3.642595300935715e-07 +1.449141967797478e-06
1.302000e+04 -5.826871301262395e-07 +1.240111508962633e-08 -9.074586477387853e-07 +1.240111508962636e-08 -7.129843183098486e-07 -5.124968575392215e-07 -9.074586477387850e-07 -5.124968575392213e-07 +1.295671448436088e-06
1.308000e+04 -6.925704819681614e-07 -5.338025756261477e-08 -6.175757734459395e-07 -5.338025756261466e-08 -8.074474746547512e-07 -7.160582573760899e-07 -6.175757734459395e-07 -7.160582573760897e-07 +1.500017956622913e-06
1.314000e+04 -8.776120668936637e-07 -7.138599394715545e-08 -3.297292250815166e-07 -7.138599394715539e-08 -1.119492029468847e-06 -7.488886708424189e-07 -3.297292250815166e-07 -7.488886708424187e-07 +1.997104096362511e-06
1.320000e+04 -1.081591054818267e-06 -4.188565707228996e-08 -7.166921397412189e-08 -4.188565707229004e-08 -1.489467516720206e-06 -4.752546575751553e-07 -7.166921397412199e-08 -4.752546575751553e-07 +2.571058571538473e-06
1.326000e+04 -1.248894127460999e-06 +2.996981624340695e-08 +1.229252313725905e-07 +2.996981624340697e-08 -1.718639341423627e-06 +8.240826944809205e-08 +1.229252313725904e-07 +8.240826944809221e-08 +2.967533468884625e-06
1.332000e+04 -1.344382494295570e-06 +1.271021339906528e-07 +2.206053340272213e-07 +1.271021339906529e-07 -1.675694844384862e-06 +7.632636661274855e-07 +2.206053340272215e-07 +7.632636661274856e-07 +3.020077338680431e-06
1.338000e+04 -1.364000369860325e-06 +2.191186988066187e-07 +2.024032938329277e-07 +2.191186988066187e-07 -1.359099334166093e-06 +1.357149327342189e-06 +2.024032938329275e-07 +1.357149327342189e-06 +2.723099704026419e-06
1.344000e+04 -1.333206019822176e-06 +2.704946740142523e-07 +7.798714621427943e-08 +2.704946740142521e-07 -8.874256865165695e-07 +1.709656140314681e-06 +7.798714621427956e-08 +1.709656140314680e-06 +2.220631706338745e-06
1.350000e+04 -1.295063953808071e-06 +2.555786614637612e-07 -1.090960761069553e-07 +2.555786614637613e-07 -4.309460446592581e-07 +1.789349789166110e-06 -1.090960761069554e-07 +1.789349789166110e-06 +1.726009998467329e-06
1.356000e+04 -1.292581460753894e-06 +1.731995296774227e-07 -2.895776437474186e-07 +1.731995296774225e-07 -1.249469656886238e-07 +1.689137828134464e-06 -2.895776437474188e-07 +1.689137828134464e-06 +1.417528426442518e-06
1.362000e+04 -1.351069417687039e-06 +5.325687433408587e-08 -3.885363652482305e-07 +5.325687433408597e-08 -8.800014018852807e-09 +1.568154481295852e-06 -3.885363652482305e-07 +1.568154481295852e-06 +1.359869431705892e-06
1.368000e+04 -1.466466044666167e-06 -4.921373792351542e-08 -3.508334752027283e-07 -4.921373792351553e-08 -1.752937941278022e-08 +1.567225007825535e-06 -3.508334752027283e-07 +1.567225007825535e-06 +1.483995424078947e-06
1.374000e+04 -1.604217041309177e-06 -7.198760088066849e-08 -1.626712386756227e-07 -7.198760088066852e-08 -2.493076445252763e-08 +1.739759562929524e-06 -1.626712386756230e-07 +1.739759562929524e-06 +1.629147805761705e-06
1.380000e+04 -1.709974087588930e-06 +2.998019152671718e-08 +1.394427281994969e-07 +2.998019152671726e-08 +8.693471106081314e-08 +2.028834573375222e-06 +1.394427281994969e-07 +2.028834573375222e-06 +1.623039376528116e-06
1.386000e+04 -1.728909220516835e-06 +2.626685242083657e-07 +4.771597055799552e-07 +2.626685242083657e-07 +3.667789803049200e-07 +2.297506433758619e-06 +4.771597055799551e-07 +2.297506433758619e-06 +1.362130240211916e-06
1.392000e+04 -1.626895331533441e-06 +5.827731482130748e-07 +7.548628371092367e-07 +5.827731482130749e-07 +7.694179623011975e-07 +2.395567391417730e-06 +7.548628371092365e-07 +2.395567391417730e-06 +8.574773692322436e-07
1.398000e+04 -1.405861960162888e-06 +9.053155255045789e-07 +8.927301499708825e-07 +9.053155255045791e-07 +1.177331606267669e-06 +2.232014350335541e-06 +8.927301499708824e-07 +2.232014350335541e-06 +2.285303538952186e-07
1.404000e+04 -1.107483372645939e-06 +1.129498351276753e-06 +8.564591053932647e-07 +1.129498351276753e-06 +1.458641081390959e-06 +1.821487563060662e-06 +8.564591053932651e-07 +1.821487563060662e-06 -3.511577087450202e-07
1.410000e+04 -8.030513190155842e-07 +1.175945657670411e-06 +6.714013048384841e-07 +1.175945657670411e-06 +1.536111530395610e-06 +1.283038127057962e-06 +6.714013048384840e-07 +1.283038127057962e-06 -7.330602113800260e-07
1.416000e+04 -5.718784396739865e-07 +1.021656826897363e-06 +4.133163327309565e-07 +1.021656826897363e-06 +1.434281652773419e-06 +7.882758593231093e-07 +4.133163327309564e-07 +7.882758593231094e-07 -8.624032130994328e-07
1.422000e+04 -4.749526559218902e-07 +7.161982021628333e-07 +1.772034564448503e-07 +7.161982021628333e-07 +1.277058611284122e-06 +4.796019228920637e-07 +1.772034564448504e-07 +4.796019228920638e-07 -8.021059553622314e-07
1.428000e+04 -5.334394553694282e-07 +3.678642146409547e-07 +3.678188055539085e-08 +3.678642146409547e-07 +1.229662641215281e-06 +3.986477385973463e-07 +3.678188055539086e-08 +3.986477385973463e-07 -6.962231858458534e-07
1.434000e+04 -7.210474448060664e-07 +1.022853864327943e-07 +1.387116226601142e-08 +1.022853864327943e-07 +1.410786767543113e-06 +4.657001346303919e-07 +1.387116226601145e-08 +4.657001346303918e-07 -6.897393227370466e-07
1.440000e+04 -9.741126009429447e-07 +1.158875985198741e-08 +7.316961251315459e-08 +1.158875985198733e-08 +1.823637767148307e-06 +5.248684943735421e-07 +7.316961251315454e-08 +5.248684943735423e-07 -8.495251662053622e-07
