0.000000e+00 -7.700463210911502e-07 -3.673465163251915e-07 +1.223172181089504e-06 -3.673465163251915e-07 -8.406119625638513e-07 -7.775819014228569e-07 +1.223172181089504e-06 -7.775819014228569e-07 +1.610658283655002e-06
6.000000e+01 -1.069560431061611e-06 -4.199836349205819e-07 +9.769301669014490e-07 -4.199836349205819e-07 -6.768987456357650e-07 -1.215828454671358e-06 +9.769301669014490e-07 -1.215828454671358e-06 +1.746459176697376e-06
1.200000e+02 -1.375331980400879e-06 -2.860746646769961e-07 +5.182909134086335e-07 -2.860746646769961e-07 -4.102034279229603e-07 -1.636075050857808e-06 +5.182909134086335e-07 -1.636075050857808e-06 +1.785535408323839e-06
1.800000e+02 -1.496583166023820e-06 +6.983877747240991e-08 -1.085063028283690e-07 +6.983877747240991e-08 -1.622965328631759e-07 -1.884503307881836e-06 -1.085063028283690e-07 -1.884503307881836e-06 +1.658879698886996e-06
2.400000e+02 -1.269717030303886e-06 +5.339038763528612e-07 -7.559920996984368e-07 +5.339038763528612e-07 -9.150116099794104e-08 -1.849176654668806e-06 -7.559920996984368e-07 -1.849176654668806e-06 +1.361218191301827e-06
3.000000e+02 -7.013361300714029e-07 +8.814945193662738e-07 -1.239153219127414e-06 +8.814945193662738e-07 -2.541364770500532e-07 -1.536450641182740e-06 -1.239153219127414e-06 -1.536450641182740e-06 +9.554726071214561e-07
3.600000e+02 -8.150372239355513e-09 +9.358853967347457e-07 -1.440283961673661e-06 +9.358853967347457e-07 -5.384596966745005e-07 -1.076479058535629e-06 -1.440283961673661e-06 -1.076479058535629e-06 +5.466100689138560e-07
4.200000e+02 +5.209611995441552e-07 +7.140238857807436e-07 -1.382380595230210e-06 +7.140238857807436e-07 -7.555029964529081e-07 -6.459089316654479e-07 -1.382380595230210e-06 -6.459089316654479e-07 +2.345417969087529e-07
4.800000e+02 +7.469364574077277e-07 +4.066487436424327e-07 -1.213187941373215e-06 +4.066487436424327e-07 -8.140335043431879e-07 -3.562573653114762e-07 -1.213187941373215e-06 -3.562573653114762e-07 +6.709704693546028e-08
5.400000e+02 +7.813872454716065e-07 +1.874974449749039e-07 -1.101804206141723e-06 +1.874974449749039e-07 -7.984711321421510e-07 -1.886375158732945e-07 -1.101804206141723e-06 -1.886375158732945e-07 +1.708388667054455e-08
6.000000e+02 +8.495889122308456e-07 +3.355330943584201e-08 -1.118203413415623e-06 +3.355330943584201e-08 -8.472945635892863e-07 -2.802180160738578e-08 -1.118203413415623e-06 -2.802180160738578e-08 -2.294348641559263e-09
6.600000e+02 +1.034819836087210e-06 -2.437183138351397e-07 -1.187309456147189e-06 -2.437183138351397e-07 -9.452470182647942e-07 +2.252910420872370e-07 -1.187309456147189e-06 +2.252910420872370e-07 -8.957281782241542e-08
7.200000e+02 +1.166070535730815e-06 -7.647344167429019e-07 -1.156532971177333e-06 -7.647344167429019e-07 -8.658679911518689e-07 +5.551536704710352e-07 -1.156532971177333e-06 +5.551536704710352e-07 -3.002025445789467e-07
7.800000e+02 +9.807440059421959e-07 -1.384784350730818e-06 -9.254632002719134e-07 -1.384784350730818e-06 -3.650677248379880e-07 +8.243708476571117e-07 -9.254632002719134e-07 +8.243708476571117e-07 -6.156762811042078e-07
8.400000e+02 +4.055331333932344e-07 -1.759011190126641e-06 -5.348624624588985e-07 -1.759011190126641e-06 +5.482952353816553e-07 +8.729554484850838e-07 -5.348624624588985e-07 +8.729554484850838e-07 -9.538283687748897e-07
9.000000e+02 -3.352570342254198e-07 -1.627399934602194e-06 -1.452314427497658e-07 -1.627399934602194e-06 +1.548771556288117e-06 +6.427816047094363e-07 -1.452314427497658e-07 +6.427816047094363e-07 -1.213514522062698e-06
9.600000e+02 -8.984597667500372e-07 -1.040065453585828e-06 +7.547956505625791e-08 -1.040065453585828e-06 +2.226392219948870e-06 +2.299974560425618e-07 +7.547956505625791e-08 +2.299974560425618e-07 -1.327932453198833e-06
1.020000e+03 -1.102934670512874e-06 -2.973451249185291e-07 +6.523410554707935e-08 -2.973451249185291e-07 +2.400524519358012e-06 -1.751176141193683e-07 +6.523410554707935e-08 -1.751176141193683e-07 -1.297589848845138e-06
1.080000e+03 -1.027147055223118e-06 +3.283180723726131e-07 -1.034723321960533e-07 +3.283180723726131e-07 +2.213755897020505e-06 -4.130811414912765e-07 -1.034723321960533e-07 -4.130811414912765e-07 -1.186608841797387e-06
1.140000e+03 -8.404435950844256e-07 +8.012130216955569e-07 -2.951899623396916e-07 +8.012130216955569e-07 +1.926934815137058e-06 -4.500280128221398e-07 -2.951899623396916e-07 -4.500280128221398e-07 -1.086491220052633e-06
1.200000e+03 -5.689036405966263e-07 +1.256845829497004e-06 -4.211873425010443e-07 +1.256845829497004e-06 +1.637129541038899e-06 -3.756866925731893e-07 -4.211873425010443e-07 -3.756866925731893e-07 -1.068225900442273e-06
1.260000e+03 -5.917588087708915e-08 +1.749227475090436e-06 -5.011500618415325e-07 +1.749227475090436e-06 +1.207015511451566e-06 -3.145412690321604e-07 -5.011500618415325e-07 -3.145412690321604e-07 -1.147839630574477e-06
1.320000e+03 +8.133851938307795e-07 +2.089906626829403e-06 -6.342833696143664e-07 +2.089906626829403e-06 +4.675344898353255e-07 -3.226933164406734e-07 -6.342833696143664e-07 -3.226933164406734e-07 -1.280919683666105e-06
1.380000e+03 +1.905596589585989e-06 +1.958534546400890e-06 -9.076002487351613e-07 +1.958534546400890e-06 -5.201476891764893e-07 -3.456237740939099e-07 -9.076002487351613e-07 -3.456237740939099e-07 -1.385448900409500e-06
1.440000e+03 +2.788311218942944e-06 +1.192614089918824e-06 -1.311096952002353e-06 +1.192614089918824e-06 -1.408694955921184e-06 -2.614523207078530e-07 -1.311096952002353e-06 -2.614523207078530e-07 -1.379616263021760e-06
1.500000e+03 +2.997826776349609e-06 -7.461160583946090e-09 -1.718785297984930e-06 -7.461160583946090e-09 -1.780160227431790e-06 +2.541751699673984e-08 -1.718785297984930e-06 +2.541751699673984e-08 -1.217666548917819e-06
1.560000e+03 +2.365258638260093e-06 -1.148301735330786e-06 -1.948434342536284e-06 -1.148301735330786e-06 -1.454513402761372e-06 +5.043314840345793e-07 -1.948434342536284e-06 +5.043314840345793e-07 -9.107452354987220e-07
1.620000e+03 +1.162173344629433e-06 -1.747899985683791e-06 -1.865068795482114e-06 -1.747899985683791e-06 -6.360707723032356e-07 +1.044289110302719e-06 -1.865068795482114e-06 +1.044289110302719e-06 -5.261025723261977e-07
1.680000e+03 -5.902039924460187e-08 -1.645226291931717e-06 -1.467742906214262e-06 -1.645226291931717e-06 +2.228262127510835e-07 +1.458860462399839e-06 -1.467742906214262e-06 +1.458860462399839e-06 -1.638058135064816e-07
1.740000e+03 -8.195219773197978e-07 -1.079210348668139e-06 -9.044153143881603e-07 -1.079210348668139e-06 +7.353517484403256e-07 +1.617076609993445e-06 -9.044153143881603e-07 +1.617076609993445e-06 +8.417022887947216e-08
1.800000e+03 -1.001710836186134e-06 -4.782179728831419e-07 -3.953078972411728e-07 -4.782179728831419e-07 +8.216234324380043e-07 +1.533499037662586e-06 -3.953078972411728e-07 +1.533499037662586e-06 +1.800874037481301e-07
1.860000e+03 -8.554418172506909e-07 -1.328625896819869e-07 -1.008940869275339e-07 -1.328625896819869e-07 +6.840542732400663e-07 +1.370146095548664e-06 -1.008940869275339e-07 +1.370146095548664e-06 +1.713875440106246e-07
1.920000e+03 -7.353467125227806e-07 -2.503710336638123e-08 -1.843505022798745e-08 -2.503710336638123e-08 +5.511220535473431e-07 +1.330104558451308e-06 -1.843505022798745e-08 +1.330104558451308e-06 +1.842246589754375e-07
1.980000e+03 -8.094800215017631e-07 +5.318548889247929e-08 +1.108987637061631e-08 +5.318548889247929e-08 +4.392973612441527e-07 +1.502161922493920e-06 +1.108987637061631e-08 +1.502161922493920e-06 +3.701826602576104e-07
2.040000e+03 -9.919052802639309e-07 +2.313964808348682e-07 +1.755138537250371e-07 +2.313964808348682e-07 +1.681801792384867e-07 +1.770778982865746e-06 +1.755138537250371e-07 +1.770778982865746e-06 +8.237251010254442e-07
2.100000e+03 -1.118089837415911e-06 +4.239394507308377e-07 +5.324900489570643e-07 +4.239394507308377e-07 -3.952902698171164e-07 +1.875303935861588e-06 +5.324900489570643e-07 +1.875303935861588e-06 +1.513380107233028e-06
2.160000e+03 -1.140545398017465e-06 +4.508337589616279e-07 +9.476409092452706e-07 +4.508337589616279e-07 -1.131418218938740e-06 +1.590829630541625e-06 +9.476409092452706e-07 +1.590829630541625e-06 +2.271963616956205e-06
2.220000e+03 -1.136850260856931e-06 +2.584080093833830e-07 +1.189176604899021e-06 +2.584080093833830e-07 -1.725742168240366e-06 +8.983029555119397e-07 +1.189176604899021e-06 +8.983029555119397e-07 +2.862592429097297e-06
2.280000e+03 -1.164608169888637e-06 -1.370427804500563e-08 +1.109148052703795e-06 -1.370427804500563e-08 -1.928871150173695e-06 +9.626637352194818e-09 +1.109148052703795e-06 +9.626637352194818e-09 +3.093479320062332e-06
2.340000e+03 -1.173575880692614e-06 -1.788515415575356e-07 +7.628510745781613e-07 -1.788515415575356e-07 -1.748952304571803e-06 -7.751595909281562e-07 +7.628510745781613e-07 -7.751595909281562e-07 +2.922528185264417e-06
2.400000e+03 -1.089848111921696e-06 -1.774772426589516e-07 +3.621387966009254e-07 -1.774772426589516e-07 -1.402011163026045e-06 -1.265712204507866e-06 +3.621387966009254e-07 -1.265712204507866e-06 +2.491859274947741e-06
2.460000e+03 -9.501561423147864e-07 -8.420320950144423e-08 +9.618889935175454e-08 -8.420320950144423e-08 -1.115012892201947e-06 -1.474500849734563e-06 +9.618889935175454e-08 -1.474500849734563e-06 +2.065169034516733e-06
2.520000e+03 -8.900687352574963e-07 +2.362546536818074e-08 -2.741335857771931e-08 +2.362546536818074e-08 -1.003298940879046e-06 -1.533446154235833e-06 -2.741335857771931e-08 -1.533446154235833e-06 +1.893367676136542e-06
2.580000e+03 -9.815189517514151e-07 +1.396594684188993e-07 -1.766900931723394e-07 +1.396594684188993e-07 -1.097447261099729e-06 -1.518222243043408e-06 -1.766900931723394e-07 -1.518222243043408e-06 +2.078966212851144e-06
2.640000e+03 -1.128513744934946e-06 +2.526051624771075e-07 -5.224460530268551e-07 +2.526051624771075e-07 -1.388581932709556e-06 -1.350632788958522e-06 -5.224460530268551e-07 -1.350632788958522e-06 +2.517095677644502e-06
2.700000e+03 -1.171797565068234e-06 +2.601748568058180e-07 -1.051481850196424e-06 +2.601748568058180e-07 -1.777925931425791e-06 -8.781998097263162e-07 -1.051481850196424e-06 -8.781998097263162e-07 +2.949723496494026e-06
2.760000e+03 -1.082029286639688e-06 +4.344867621542319e-08 -1.538044547442682e-06 +4.344867621542319e-08 -2.021051826393681e-06 -6.080472068488796e-08 -1.538044547442682e-06 -6.080472068488796e-08 +3.103081113033369e-06
2.820000e+03 -9.936126034068373e-07 -3.561518489672362e-07 -1.706498710524148e-06 -3.561518489672362e-07 -1.836871490835762e-06 +9.129585039120348e-07 -1.706498710524148e-06 +9.129585039120348e-07 +2.830484094242599e-06
2.880000e+03 -1.027096943022684e-06 -6.953031943118561e-07 -1.449114368942509e-06 -6.953031943118561e-07 -1.155864328292983e-06 +1.700740604825131e-06 -1.449114368942509e-06 +1.700740604825131e-06 +2.182961271315667e-06
2.940000e+03 -1.122550447956537e-06 -7.302193807467498e-07 -9.149617890090536e-07 -7.302193807467498e-07 -2.510302694950249e-07 +2.027137949811247e-06 -9.149617890090536e-07 +2.027137949811247e-06 +1.373580717451561e-06
3.000000e+03 -1.106313038434222e-06 -4.653838237319513e-07 -3.955137199755401e-07 -4.653838237319513e-07 +4.463648866861610e-07 +1.875105114230715e-06 -3.955137199755401e-07 +1.875105114230715e-06 +6.599481517480606e-07
3.060000e+03 -9.241908239035521e-07 -1.550310951424913e-07 -1.030684513173787e-07 -1.550310951424913e-07 +7.118877252536231e-07 +1.490389161225966e-06 -1.030684513173787e-07 +1.490389161225966e-06 +2.123030986499290e-07
3.120000e+03 -7.459527180540213e-07 -2.273530357103674e-08 -2.616990381141846e-08 -2.273530357103674e-08 +7.057157612924375e-07 +1.192692398620548e-06 -2.616990381141846e-08 +1.192692398620548e-06 +4.023695676158382e-08
3.180000e+03 -7.775784528240969e-07 -8.136416267588774e-10 +2.383298668384953e-08 -8.136416267588774e-10 +7.632689240572193e-07 +1.146626026023773e-06 +2.383298668384953e-08 +1.146626026023773e-06 +1.430952876687761e-08
3.240000e+03 -9.736169089850333e-07 +2.053853469223173e-07 +2.281420489105608e-07 +2.053853469223173e-07 +1.013614161147211e-06 +1.273015051333738e-06 +2.281420489105608e-07 +1.273015051333738e-06 -3.999725216217739e-08
3.300000e+03 -9.892385036265983e-07 +7.808742174784035e-07 +6.026780753420836e-07 +7.808742174784035e-07 +1.229146073473558e-06 +1.353024529338380e-06 +6.026780753420836e-07 +1.353024529338380e-06 -2.399075698469595e-07
3.360000e+03 -4.600511881309100e-07 +1.547762289937264e-06 +9.905843533215441e-07 +1.547762289937264e-06 +1.053657287836163e-06 +1.217458879446834e-06 +9.905843533215441e-07 +1.217458879446834e-06 -5.936060997052530e-07
3.420000e+03 +6.542770697688389e-07 +2.055890860553511e-06 +1.189153694279556e-06 +2.055890860553511e-06 +3.619550461206616e-07 +8.660082970100471e-07 +1.189153694279556e-06 +8.660082970100471e-07 -1.016232115889500e-06
3.480000e+03 +1.984018633097946e-06 +1.923786952371649e-06 +1.095267918391937e-06 +1.923786952371649e-06 -5.956057691886968e-07 +4.457648240425813e-07 +1.095267918391937e-06 +4.457648240425813e-07 -1.388412863909249e-06
3.540000e+03 +2.984062231353800e-06 +1.119527452969815e-06 +7.649318929434751e-07 +1.119527452969815e-06 -1.366785832883877e-06 +1.347830171085179e-07 +7.649318929434751e-07 +1.347830171085179e-07 -1.617276398469923e-06
3.600000e+03 +3.278614540166012e-06 -3.321205383218283e-08 +3.647119773015981e-07 -3.321205383218283e-08 -1.606808149233430e-06 +2.800211269605173e-08 +3.647119773015981e-07 +2.800211269605173e-08 -1.671806390932582e-06
3.660000e+03 +2.854607377247564e-06 -1.087810293171084e-06 +6.560882436149845e-08 -1.087810293171084e-06 -1.269319127765096e-06 +9.575553576264420e-08 +6.560882436149845e-08 +9.575553576264420e-08 -1.585288249482469e-06
3.720000e+03 +1.997761212584615e-06 -1.742328291287846e-06 -4.881902303923325e-08 -1.742328291287846e-06 -5.651078732399604e-07 +2.247640791531981e-07 -4.881902303923325e-08 +2.247640791531981e-07 -1.432653339344655e-06
3.780000e+03 +1.062237934013517e-06 -1.953027291827530e-06 -1.125834304563315e-08 -1.953027291827530e-06 +2.338789311935719e-07 +3.033733615132747e-07 -1.125834304563315e-08 +3.033733615132747e-07 -1.296116865207089e-06
3.840000e+03 +2.627410031152948e-07 -1.848215620135087e-06 +7.115810318772172e-08 -1.848215620135087e-06 +9.693714544805569e-07 +2.953867385101851e-07 +7.115810318772172e-08 +2.953867385101851e-07 -1.232112457595852e-06
3.900000e+03 -3.690874192758241e-07 -1.551207054390672e-06 +9.871898273611932e-08 -1.551207054390672e-06 +1.619144636764931e-06 +2.589507476640854e-07 +9.871898273611932e-08 +2.589507476640854e-07 -1.250057217489107e-06
3.960000e+03 -8.679532018032208e-07 -1.078559319254363e-06 +4.984034895848141e-08 -1.078559319254363e-06 +2.177956168618162e-06 +2.999125233168949e-07 +4.984034895848141e-08 +2.999125233168949e-07 -1.310002966814941e-06
4.020000e+03 -1.195765900169996e-06 -3.981183841184009e-07 -4.334911422207279e-09 -3.981183841184009e-07 +2.536577023839143e-06 +4.887773592778128e-07 -4.334911422207279e-09 +4.887773592778128e-07 -1.340811123669147e-06
4.080000e+03 -1.228250312842566e-06 +4.261268560700972e-07 +4.741239109634922e-08 +4.261268560700972e-07 +2.501192171266612e-06 +7.961050753002564e-07 +4.741239109634922e-08 +7.961050753002564e-07 -1.272941858424046e-06
4.140000e+03 -8.850263729558396e-07 +1.168530903901069e-06 +2.703845961931847e-07 +1.168530903901069e-06 +1.957703266701539e-06 +1.093737061569099e-06 +2.703845961931847e-07 +1.093737061569099e-06 -1.072676893745699e-06
4.200000e+03 -2.665728590060134e-07 +1.552011391111460e-06 +6.253370840319965e-07 +1.552011391111460e-06 +1.028354991618297e-06 +1.227434041144213e-06 +6.253370840319965e-07 +1.227434041144213e-06 -7.617821326122833e-07
4.260000e+03 +3.601349600266441e-07 +1.452422678954871e-06 +9.833824442408729e-07 +1.452422678954871e-06 +5.118040952692079e-08 +1.115145464503576e-06 +9.833824442408729e-07 +1.115145464503576e-06 -4.113153695535649e-07
4.320000e+03 +7.396807489063788e-07 +1.004698251510689e-06 +1.209348710578408e-06 +1.004698251510689e-06 -6.298742211978239e-07 +8.017070120284366e-07 +1.209348710578408e-06 +8.017070120284366e-07 -1.098065277085549e-07
4.380000e+03 +8.098841525633937e-07 +4.981046771267193e-07 +1.255246903706806e-06 +4.981046771267193e-07 -8.903530601229440e-07 +4.273158478916064e-07 +1.255246903706806e-06 +4.273158478916064e-07 +8.046890755955037e-08
4.440000e+03 +7.108737585178138e-07 +1.501481098901288e-07 +1.192308607623358e-06 +1.501481098901288e-07 -8.679432236737166e-07 +1.293363338134962e-07 +1.192308607623358e-06 +1.293363338134962e-07 +1.570694651559028e-07
4.500000e+03 +6.140528899527785e-07 -3.125513010335249e-08 +1.152822895799097e-06 -3.125513010335249e-08 -7.955908598519794e-07 -5.065746390679968e-08 +1.152822895799097e-06 -5.065746390679968e-08 +1.815379698992009e-07
4.560000e+03 +5.457433068356573e-07 -1.790367798371360e-07 +1.222929269484906e-06 -1.790367798371360e-07 -7.950886985841300e-07 -1.840107863969103e-07 +1.222929269484906e-06 -1.840107863969103e-07 +2.493453917484727e-07
4.620000e+03 +3.810792731565378e-07 -3.823101920150664e-07 +1.368520031230263e-06 -3.823101920150664e-07 -8.211076250469846e-07 -3.840435638082638e-07 +1.368520031230263e-06 -3.840435638082638e-07 +4.400283518904468e-07
4.680000e+03 +2.407496614039206e-09 -5.814316433793643e-07 +1.452062580524013e-06 -5.814316433793643e-07 -7.763842439779211e-07 -7.041554919800186e-07 +1.452062580524013e-06 -7.041554919800186e-07 +7.739767473638819e-07
4.740000e+03 -5.490877492437763e-07 -6.363540562631475e-07 +1.327356394906737e-06 -6.363540562631475e-07 -6.499118816915611e-07 -1.084681279955181e-06 +1.327356394906737e-06 -1.084681279955181e-06 +1.198999630935337e-06
4.800000e+03 -1.078794295358069e-06 -4.775873949616684e-07 +9.409797442692303e-07 -4.775873949616684e-07 -5.343911142927639e-07 -1.386828810768556e-06 +9.409797442692303e-07 -1.386828810768556e-06 +1.613185409650833e-06
4.860000e+03 -1.384644944845567e-06 -1.804687075089758e-07 +3.688249237301369e-07 -1.804687075089758e-07 -5.268089659809099e-07 -1.484128316293574e-06 +3.688249237301369e-07 -1.484128316293574e-06 +1.911453910826477e-06
4.920000e+03 -1.399107077115785e-06 +9.839062866154109e-08 -2.318107476548912e-07 +9.839062866154109e-08 -6.333547920911406e-07 -1.342260797441948e-06 -2.318107476548912e-07 -1.342260797441948e-06 +2.032461869206926e-06
4.980000e+03 -1.209812028574390e-06 +2.434765233475686e-07 -7.140445924448000e-07 +2.434765233475686e-07 -7.744570449443485e-07 -1.032739644030026e-06 -7.140445924448000e-07 -1.032739644030026e-06 +1.984269073518739e-06
5.040000e+03 -9.694813746991848e-07 +2.436462887269189e-07 -1.011791966164554e-06 +2.436462887269189e-07 -8.689622776851714e-07 -6.774104817697408e-07 -1.011791966164554e-06 -6.774104817697408e-07 +1.838443652384356e-06
5.100000e+03 -7.955893991417202e-07 +1.584260701372316e-07 -1.146176200442589e-06 +1.584260701372316e-07 -9.012381572510263e-07 -3.688831850340704e-07 -1.146176200442589e-06 -3.688831850340704e-07 +1.696827556392747e-06
5.160000e+03 -7.371608418581715e-07 +4.766632362041330e-08 -1.174647486897268e-06 +4.766632362041330e-08 -9.095841985458321e-07 -1.240745101362291e-07 -1.174647486897268e-06 -1.240745101362291e-07 +1.646745040404004e-06
5.220000e+03 -7.988033955761147e-07 -5.854523664918831e-08 -1.128549429891652e-06 -5.854523664918831e-08 -9.257071517806230e-07 +1.009482523690430e-07 -1.128549429891652e-06 +1.009482523690430e-07 +1.724510547356738e-06
5.280000e+03 -9.621588720461550e-07 -1.380884571649708e-07 -9.874336914029020e-07 -1.380884571649708e-07 -9.401012257506237e-07 +3.528932992048082e-07 -9.874336914029020e-07 +3.528932992048082e-07 +1.902260097796779e-06
5.340000e+03 -1.175533253227147e-06 -1.542513565625752e-07 -7.060447764906769e-07 -1.542513565625752e-07 -9.264676445004147e-07 +6.272460379861754e-07 -7.060447764906769e-07 +6.272460379861754e-07 +2.102000897727561e-06
5.400000e+03 -1.342442835596386e-06 -7.521286996177021e-08 -2.691453440986737e-07 -7.521286996177021e-08 -8.865615443268640e-07 +8.585496933481225e-07 -2.691453440986737e-07 +8.585496933481225e-07 +2.229004379923250e-06
5.460000e+03 -1.352746365899734e-06 +8.236551322888774e-08 +2.699171071520559e-07 +8.236551322888774e-08 -8.570085664653220e-07 +9.604020104485163e-07 +2.699171071520559e-07 +9.604020104485163e-07 +2.209754932365056e-06
5.520000e+03 -1.151361527203682e-06 +2.417044067941686e-07 +7.977584138324913e-07 +2.417044067941686e-07 -8.684156299441667e-07 +8.851417971377525e-07 +7.977584138324913e-07 +8.851417971377525e-07 +2.019777157147849e-06
5.580000e+03 -7.865418700417150e-07 +3.133115496668276e-07 +1.194078258755012e-06 +3.133115496668276e-07 -9.055761720243730e-07 +6.605581270055021e-07 +1.194078258755012e-06 +6.605581270055021e-07 +1.692118042066088e-06
5.640000e+03 -3.847514472961817e-07 +2.631932802214813e-07 +1.396329863080951e-06 +2.631932802214813e-07 -9.199338451688019e-07 +3.767718727969119e-07 +1.396329863080951e-06 +3.767718727969119e-07 +1.304685292464984e-06
5.700000e+03 -6.444888548132206e-08 +1.326356475935330e-07 +1.433538167277613e-06 +1.326356475935330e-07 -8.869861558462736e-07 +1.291674353220381e-07 +1.433538167277613e-06 +1.291674353220381e-07 +9.514350413275957e-07
5.760000e+03 +1.349922989703690e-07 -1.732627330986165e-08 +1.403878455242251e-06 -1.732627330986165e-08 -8.424059624143643e-07 -4.666033546385544e-08 +1.403878455242251e-06 -4.666033546385544e-08 +7.074136634439952e-07
5.820000e+03 +2.393400163333125e-07 -1.822117950184145e-07 +1.405502082465189e-06 -1.822117950184145e-07 -8.395394439668252e-07 -2.027029847521286e-07 +1.405502082465189e-06 -2.027029847521286e-07 +6.001994276335128e-07
5.880000e+03 +2.544298637237914e-07 -4.196226857744142e-07 +1.463237603996078e-06 -4.196226857744142e-07 -8.536161712435350e-07 -4.439146315713731e-07 +1.463237603996078e-06 -4.439146315713731e-07 +5.991863075197436e-07
5.940000e+03 +1.090888734336443e-07 -7.540341021201778e-07 +1.502495904693804e-06 -7.540341021201778e-07 -7.374854325203416e-07 -8.470476059135329e-07 +1.502495904693804e-06 -8.470476059135329e-07 +6.283965590866973e-07
6.000000e+03 -2.854387682085303e-07 -1.066971038256926e-06 +1.394891082644046e-06 -1.066971038256926e-06 -3.136738589518431e-07 -1.385362317514557e-06 +1.394891082644046e-06 -1.385362317514557e-06 +5.991126271603734e-07
6.060000e+03 -8.903726464384661e-07 -1.108738798998350e-06 +1.051133956014673e-06 -1.108738798998350e-06 +4.409486610574878e-07 -1.915435280383634e-06 +1.051133956014673e-06 -1.915435280383634e-06 +4.494239853809783e-07
6.120000e+03 -1.457112068724585e-06 -6.741955255352791e-07 +4.991015588730176e-07 -6.741955255352791e-07 +1.283537532290154e-06 -2.245108848336323e-06 +4.991015588730176e-07 -2.245108848336323e-06 +1.735745364344308e-07
6.180000e+03 -1.635890429902868e-06 +1.855598845643387e-07 -1.116642292923964e-07 +1.855598845643387e-07 +1.808623058174488e-06 -2.245718598181728e-06 -1.116642292923964e-07 -2.245718598181728e-06 -1.727326282716203e-07
6.240000e+03 -1.231737365701876e-06 +1.122234530261450e-06 -5.913325839122519e-07 +1.122234530261450e-06 +1.727149536426771e-06 -1.935716961833230e-06 -5.913325839122519e-07 -1.935716961833230e-06 -4.954121707248951e-07
6.300000e+03 -3.915026853927106e-07 +1.705904800495843e-06 -8.283850776469532e-07 +1.705904800495843e-06 +1.097208663303159e-06 -1.474264780886747e-06 -8.283850776469532e-07 -1.474264780886747e-06 -7.057059779104485e-07
6.360000e+03 +4.813996186525187e-07 +1.742688166222724e-06 -8.624942430263680e-07 +1.742688166222724e-06 +2.848118186915982e-07 -1.060050600104163e-06 -8.624942430263680e-07 -1.060050600104163e-06 -7.662114373441168e-07
6.420000e+03 +1.054419719593000e-06 +1.404695470928816e-06 -8.501133203408914e-07 +1.404695470928816e-06 -3.383519661802566e-07 -7.997828341101700e-07 -8.501133203408914e-07 -7.997828341101700e-07 -7.160677534127434e-07
6.480000e+03 +1.344016029744019e-06 +1.022610888078981e-06 -9.347509087689286e-07 +1.022610888078981e-06 -6.866125894621065e-07 -6.439968456500303e-07 -9.347509087689286e-07 -6.439968456500303e-07 -6.574034402819126e-07
6.540000e+03 +1.645709487962564e-06 +7.249526830416149e-07 -1.114867317209210e-06 +7.249526830416149e-07 -9.431274358663324e-07 -4.492864918689126e-07 -1.114867317209210e-06 -4.492864918689126e-07 -7.025820520962312e-07
6.600000e+03 +2.144423370734840e-06 +3.077843022279967e-07 -1.223159028301552e-06 +3.077843022279967e-07 -1.238550513842921e-06 -1.282232320584476e-07 -1.223159028301552e-06 -1.282232320584476e-07 -9.058728568919187e-07
6.660000e+03 +2.603731699939431e-06 -4.834781843583595e-07 -1.054811102639770e-06 -4.834781843583595e-07 -1.384501062466406e-06 +2.367779622705858e-07 -1.054811102639770e-06 +2.367779622705858e-07 -1.219230637473025e-06
6.720000e+03 +2.515966265762131e-06 -1.536533193013515e-06 -5.547155071368219e-07 -1.536533193013515e-06 -1.011129500366336e-06 +4.275871727380006e-07 -5.547155071368219e-07 +4.275871727380006e-07 -1.504836765395795e-06
6.780000e+03 +1.625355785316489e-06 -2.309871557710168e-06 +9.538557235539009e-08 -2.309871557710168e-06 -1.948488406375638e-08 +2.648606214066239e-07 +9.538557235539009e-08 +2.648606214066239e-07 -1.605870901252733e-06
6.840000e+03 +2.872122371785840e-07 -2.280264019807391e-06 +5.824229008075350e-07 -2.280264019807391e-06 +1.151921824744957e-06 -2.181150439912849e-07 +5.824229008075350e-07 -2.181150439912849e-07 -1.439134061923541e-06
6.900000e+03 -7.679649065579745e-07 -1.476610141738604e-06 +6.909858871271142e-07 -1.476610141738604e-06 +1.821103467594401e-06 -7.655626849030924e-07 +6.909858871271142e-07 -7.655626849030924e-07 -1.053138561036426e-06
6.960000e+03 -1.079626417407757e-06 -5.085113970790387e-07 +4.655385177966614e-07 -5.085113970790387e-07 +1.688424470520548e-06 -1.088086111666255e-06 +4.655385177966614e-07 -1.088086111666255e-06 -6.087980531127918e-07
7.020000e+03 -8.503673436215288e-07 +9.631612667992932e-12 +1.550219696359769e-07 +9.631612667992932e-12 +1.135212701248696e-06 -1.101694389604539e-06 +1.550219696359769e-07 -1.101694389604539e-06 -2.848453576271675e-07
7.080000e+03 -6.642735010481564e-07 -5.515904100199219e-09 -2.241390353510675e-08 -5.515904100199219e-09 +8.277566049754237e-07 -9.989340496227946e-07 -2.241390353510675e-08 -9.989340496227946e-07 -1.634831039272673e-07
7.140000e+03 -8.463455064449091e-07 -3.788351639430694e-08 -8.187888461284605e-08 -3.788351639430694e-08 +1.020924296129570e-06 -1.070063368874062e-06 -8.187888461284605e-08 -1.070063368874062e-06 -1.745787896846605e-07
7.200000e+03 -1.170106326913579e-06 +3.399119067929693e-07 -2.492076381016318e-07 +3.399119067929693e-07 +1.311448298579758e-06 -1.426449182460871e-06 -2.492076381016318e-07 -1.426449182460871e-06 -1.413419716661793e-07
7.260000e+03 -1.191363668095877e-06 +1.027810116660847e-06 -7.342441474716332e-07 +1.027810116660847e-06 +1.088345262266651e-06 -1.876743270317809e-06 -7.342441474716332e-07 -1.876743270317809e-06 +1.030184058292260e-07
7.320000e+03 -7.750037703430394e-07 +1.508028797550323e-06 -1.511424565181066e-06 +1.508028797550323e-06 +1.667878708792704e-07 -2.062444528275916e-06 -1.511424565181066e-06 -2.062444528275916e-06 +6.082158994637690e-07
7.380000e+03 -2.353836563728851e-07 +1.375709352119048e-06 -2.298551463470326e-06 +1.375709352119048e-06 -1.040119202169448e-06 -1.726736657458305e-06 -2.298551463470326e-06 -1.726736657458305e-06 +1.275502858542333e-06
7.440000e+03 -4.915858933893673e-09 +7.038004336748525e-07 -2.738800181781086e-06 +7.038004336748525e-07 -1.905666178162502e-06 -8.967668902543641e-07 -2.738800181781086e-06 -8.967668902543641e-07 +1.910582037096396e-06
7.500000e+03 -2.298388704261898e-07 -6.766188735996919e-08 -2.632602617707057e-06 -6.766188735996919e-08 -2.090912328222466e-06 +1.418941915702470e-07 -2.632602617707057e-06 +1.418941915702470e-07 +2.320751198648656e-06
7.560000e+03 -6.842623549916996e-07 -5.276087236393192e-07 -2.053053321319143e-06 -5.276087236393192e-07 -1.719463694399062e-06 +1.033201593001541e-06 -2.053053321319143e-06 +1.033201593001541e-06 +2.403726049390761e-06
7.620000e+03 -1.022746126599295e-06 -5.769552070849016e-07 -1.281485339090926e-06 -5.769552070849016e-07 -1.168193298774904e-06 +1.556136745454215e-06 -1.281485339090926e-06 +1.556136745454215e-06 +2.190939425374199e-06
7.680000e+03 -1.083680742022063e-06 -3.924424823566502e-07 -6.236242307076883e-07 -3.924424823566502e-07 -7.485666586186359e-07 +1.715160468822213e-06 -6.236242307076883e-07 +1.715160468822213e-06 +1.832247400640698e-06
7.740000e+03 -9.683361824110215e-07 -1.902504234168154e-07 -2.348005565723547e-07 -1.902504234168154e-07 -5.628347238981020e-07 +1.674162882493997e-06 -2.348005565723547e-07 +1.674162882493997e-06 +1.531170906309124e-06
7.800000e+03 -8.765911542099388e-07 -5.225188474243272e-08 -6.478682900982896e-08 -5.225188474243272e-08 -5.805615369004470e-07 +1.598182492755959e-06 -6.478682900982896e-08 +1.598182492755959e-06 +1.457152691110386e-06
7.860000e+03 -9.049996375232075e-07 +5.094381645329379e-08 +5.432302243898540e-08 +5.094381645329379e-08 -7.658885271899879e-07 +1.523454700864230e-06 +5.432302243898540e-08 +1.523454700864230e-06 +1.670888164713195e-06
7.920000e+03 -1.001660887376244e-06 +1.342446770974665e-07 +2.530065205147499e-07 +1.342446770974665e-07 -1.093837077836961e-06 +1.347990167304851e-06 +2.530065205147499e-07 +1.347990167304851e-06 +2.095497965213205e-06
7.980000e+03 -1.074433585075237e-06 +1.467656665443074e-07 +5.204442477565624e-07 +1.467656665443074e-07 -1.473721701602533e-06 +9.413962463879740e-07 +5.204442477565624e-07 +9.413962463879740e-07 +2.548155286677769e-06
8.040000e+03 -1.095376659612853e-06 +4.625543484432132e-08 +7.252866357267205e-07 +4.625543484432132e-08 -1.724727674599392e-06 +2.822602358057771e-07 +7.252866357267205e-07 +2.822602358057771e-07 +2.820104334212245e-06
8.100000e+03 -1.089666993094903e-06 -1.153069265905197e-07 +7.361865308973011e-07 -1.153069265905197e-07 -1.680731955387278e-06 -4.881202461279501e-07 +7.361865308973011e-07 -4.881202461279501e-07 +2.770398948482181e-06
8.160000e+03 -1.060131911600939e-06 -2.192202381271033e-07 +5.405814234650095e-07 -2.192202381271033e-07 -1.331041803472382e-06 -1.141524578716525e-06 +5.405814234650095e-07 -1.141524578716525e-06 +2.391173715073321e-06
8.220000e+03 -9.738561928663483e-07 -1.970685250692768e-07 +2.626072366545595e-07 -1.970685250692768e-07 -8.396365431967262e-07 -1.513112461578960e-06 +2.626072366545595e-07 -1.513112461578960e-06 +1.813492736063075e-06
8.280000e+03 -8.384354760763247e-07 -9.280490505017156e-08 +6.133274537569346e-08 -9.280490505017156e-08 -4.103445613499422e-07 -1.610142691331435e-06 +6.133274537569346e-08 -1.610142691331435e-06 +1.248780037426267e-06
8.340000e+03 -7.518016001697901e-07 +1.444739970321757e-08 -1.032611108870486e-08 +1.444739970321757e-08 -1.397323433124565e-07 -1.590343226793329e-06 -1.032611108870486e-08 -1.590343226793329e-06 +8.915339434822466e-07
8.400000e+03 -8.156027155885802e-07 +1.324044462955900e-07 -6.610772717525646e-08 +1.324044462955900e-07 -1.451988539254160e-08 -1.622115979715899e-06 -6.610772717525646e-08 -1.622115979715899e-06 +8.301226009811218e-07
8.460000e+03 -9.763552766647354e-07 +3.517377169214889e-07 -3.056217723667148e-07 +3.517377169214889e-07 -3.407452790509118e-08 -1.736820065969880e-06 -3.056217723667148e-07 -1.736820065969880e-06 +1.010429804569827e-06
8.520000e+03 -9.925156008133734e-07 +6.895126230029669e-07 -8.478001464775453e-07 +6.895126230029669e-07 -2.771167811999991e-07 -1.794464251965800e-06 -8.478001464775453e-07 -1.794464251965800e-06 +1.269632382013373e-06
8.580000e+03 -6.250448712124483e-07 +9.605018484725310e-07 -1.609424888246849e-06 +9.605018484725310e-07 -7.945722538052806e-07 -1.593224328724608e-06 -1.609424888246849e-06 -1.593224328724608e-06 +1.419617125017729e-06
8.640000e+03 +1.026347890753345e-07 +8.657651436169223e-07 -2.327260340386930e-06 +8.657651436169223e-07 -1.437839900734179e-06 -1.036635603257498e-06 -2.327260340386930e-06 -1.036635603257498e-06 +1.335205111658845e-06
8.700000e+03 +8.442214190899644e-07 +2.602893598182681e-07 -2.711243700870314e-06 +2.602893598182681e-07 -1.849094922165113e-06 -2.285735921323395e-07 -2.711243700870314e-06 -2.285735921323395e-07 +1.004873503075148e-06
8.760000e+03 +1.166935668859425e-06 -6.547702033415041e-07 -2.619814629278406e-06 -6.547702033415041e-07 -1.692013071191453e-06 +5.747549499786818e-07 -2.619814629278406e-06 +5.747549499786818e-07 +5.250774023320283e-07
8.820000e+03 +8.913535093668618e-07 -1.428690300686623e-06 -2.137481761297432e-06 -1.428690300686623e-06 -9.383936778564352e-07 +1.119484565479534e-06 -2.137481761297432e-06 +1.119484565479534e-06 +4.704016848957347e-08
8.880000e+03 +2.280098696302199e-07 -1.690432835485757e-06 -1.507390972637007e-06 -1.690432835485757e-06 +6.806101581468033e-08 +1.305274786261714e-06 -1.507390972637007e-06 +1.305274786261714e-06 -2.960708854449003e-07
8.940000e+03 -4.141289537642785e-07 -1.421465621593711e-06 -9.713917637938245e-07 -1.421465621593711e-06 +8.621146668275667e-07 +1.228892580736564e-06 -9.713917637938245e-07 +1.228892580736564e-06 -4.479857130632881e-07
9.000000e+03 -7.656327999332301e-07 -9.219695144026366e-07 -6.303906783455064e-07 -9.219695144026366e-07 +1.213701812892428e-06 +1.093367813235254e-06 -6.303906783455064e-07 +1.093367813235254e-06 -4.480690129591977e-07
9.060000e+03 -8.640048876986655e-07 -5.074311629189880e-07 -4.193448945233187e-07 -5.074311629189880e-07 +1.266295278067313e-06 +1.051807049241625e-06 -4.193448945233187e-07 +1.051807049241625e-06 -4.022903903686476e-07
9.120000e+03 -9.096006615095112e-07 -2.334029021981962e-07 -2.051091757464541e-07 -2.334029021981962e-07 +1.331798370612690e-06 +1.102016079416052e-06 -2.051091757464541e-07 +1.102016079416052e-06 -4.221977091031792e-07
9.180000e+03 -9.858271051228858e-07 +8.792171542527990e-08 +7.694603180484873e-08 +8.792171542527990e-08 +1.550540522537703e-06 +1.108050214804512e-06 +7.694603180484873e-08 +1.108050214804512e-06 -5.647134174148177e-07
9.240000e+03 -9.478390945080868e-07 +6.187513503398140e-07 +3.573415641171758e-07 +6.187513503398140e-07 +1.752775105084942e-06 +9.252956729585435e-07 +3.573415641171758e-07 +9.252956729585435e-07 -8.049360105768552e-07
9.300000e+03 -5.886153343612767e-07 +1.268208949384515e-06 +4.851000232906411e-07 +1.268208949384515e-06 +1.643164288075413e-06 +5.267755777378214e-07 +4.851000232906411e-07 +5.267755777378214e-07 -1.054548953714136e-06
9.360000e+03 +1.092421321396676e-07 +1.738626592077117e-06 +3.488170644212882e-07 +1.738626592077117e-06 +1.102921046245844e-06 +3.451402370865941e-08 +3.488170644212882e-07 +3.451402370865941e-08 -1.212163178385512e-06
9.420000e+03 +9.070137090614462e-07 +1.782783164984352e-06 -3.293353673882828e-08 +1.782783164984352e-06 +3.087815281924630e-07 -3.593903978879987e-07 -3.293353673882828e-08 -3.593903978879987e-07 -1.215795237253909e-06
9.480000e+03 +1.491324854819386e-06 +1.405468711031880e-06 -5.177892786613025e-07 +1.405468711031880e-06 -4.210698875191579e-07 -5.138215723188794e-07 -5.177892786613025e-07 -5.138215723188794e-07 -1.070254967300228e-06
9.540000e+03 +1.713548572512109e-06 +8.267002696206362e-07 -9.292179565371538e-07 +8.267002696206362e-07 -8.745112795021381e-07 -4.124021260627729e-07 -9.292179565371538e-07 -4.124021260627729e-07 -8.390372930099713e-07
9.600000e+03 +1.660088427308217e-06 +2.739214182336081e-07 -1.158377444750699e-06 +2.739214182336081e-07 -1.050541030785351e-06 -1.473576280281717e-07 -1.158377444750699e-06 -1.473576280281717e-07 -6.095473965228651e-07
9.660000e+03 +1.512580470156159e-06 -1.811724209795904e-07 -1.208899707519733e-06 -1.811724209795904e-07 -1.060899010965377e-06 +1.604958490975049e-07 -1.208899707519733e-06 +1.604958490975049e-07 -4.516814591907824e-07
9.720000e+03 +1.355262530296648e-06 -6.027031483259254e-07 -1.164370821447381e-06 -6.027031483259254e-07 -9.660481710453663e-07 +4.416843985540713e-07 -1.164370821447381e-06 +4.416843985540713e-07 -3.892143592512818e-07
9.780000e+03 +1.111547583031300e-06 -1.039930046748421e-06 -1.111586223902681e-06 -1.039930046748421e-06 -7.172639384020983e-07 +7.057609226900286e-07 -1.111586223902681e-06 +7.057609226900286e-07 -3.942836446292015e-07
9.840000e+03 +6.516286960096196e-07 -1.409494640227097e-06 -1.074843804363358e-06 -1.409494640227097e-06 -2.476548911469136e-07 +1.007152358082867e-06 -1.074843804363358e-06 +1.007152358082867e-06 -4.039738048627060e-07
9.900000e+03 -4.133042425196554e-08 -1.524243587234604e-06 -1.001340404044263e-06 -1.524243587234604e-06 +3.912363289843337e-07 +1.379744890082762e-06 -1.001340404044263e-06 +1.379744890082762e-06 -3.499059047323682e-07
9.960000e+03 -7.978549715652082e-07 -1.242376220485727e-06 -8.023156025721255e-07 -1.242376220485727e-06 +9.865004049226230e-07 +1.786334082380275e-06 -8.023156025721255e-07 +1.786334082380275e-06 -1.886454333574148e-07
1.002000e+04 -1.345940083751656e-06 -6.076132140299412e-07 -4.214537314273322e-07 -6.076132140299412e-07 +1.267690384577313e-06 +2.116904474245753e-06 -4.214537314273322e-07 +2.116904474245753e-06 +7.824969917434320e-08
1.008000e+04 -1.486635428504941e-06 +1.405983639646602e-07 +1.130956489897414e-07 +1.405983639646602e-07 +1.084568667998357e-06 +2.239775115207219e-06 +1.130956489897414e-07 +2.239775115207219e-06 +4.020667605065831e-07
1.014000e+04 -1.224434022303062e-06 +7.036133941617657e-07 +6.877117476665138e-07 +7.036133941617657e-07 +5.197896212649236e-07 +2.077323714987412e-06 +6.877117476665138e-07 +2.077323714987412e-06 +7.046444010381381e-07
1.020000e+04 -7.529893789089579e-07 +9.056734506407387e-07 +1.158250707004592e-06 +9.056734506407387e-07 -1.579765527604301e-07 +1.659762956626593e-06 +1.158250707004592e-06 +1.659762956626593e-06 +9.109659316693879e-07
1.026000e+04 -3.141513859728559e-07 +7.818571134403177e-07 +1.429590027326775e-06 +7.818571134403177e-07 -6.705130353151745e-07 +1.118843551806773e-06 +1.429590027326775e-06 +1.118843551806773e-06 +9.846644212880305e-07
1.032000e+04 -5.074198245276508e-08 +5.096608590078630e-07 +1.507523325427741e-06 +5.096608590078630e-07 -8.996636982161635e-07 +6.186186339669097e-07 +1.507523325427741e-06 +6.186186339669097e-07 +9.504056806689286e-07
1.038000e+04 +3.033702081293077e-08 +2.549066203155034e-07 +1.483759334362018e-06 +2.549066203155034e-07 -9.199548435654428e-07 +2.640778878741418e-07 +1.483759334362018e-06 +2.640778878741418e-07 +8.896178227525121e-07
1.044000e+04 -2.101421243810137e-08 +7.121245386260495e-08 +1.459889149622164e-06 +7.121245386260495e-08 -8.857146017230465e-07 +4.943208922012158e-08 +1.459889149622164e-06 +4.943208922012158e-08 +9.067288141611479e-07
1.050000e+04 -1.878811773462492e-07 -7.236055154106442e-08 +1.464120526810621e-06 -7.236055154106442e-08 -8.907177641470524e-07 -1.157457337994367e-07 +1.464120526810621e-06 -1.157457337994367e-07 +1.078598941493302e-06
1.056000e+04 -4.859987112316097e-07 -1.943666261010695e-07 +1.425538950516179e-06 -1.943666261010695e-07 -9.256874448121319e-07 -3.212711123290463e-07 +1.425538950516179e-06 -3.212711123290463e-07 +1.411686156043742e-06
1.062000e+04 -8.869055852498517e-07 -2.545593160535907e-07 +1.229330611082119e-06 -2.545593160535907e-07 -9.439636830278894e-07 -5.776409287685631e-07 +1.229330611082119e-06 -5.776409287685631e-07 +1.830869268277741e-06
1.068000e+04 -1.271618669807135e-06 -2.039096168931576e-07 +8.123514401806714e-07 -2.039096168931576e-07 -9.372805143319015e-07 -8.052620762812323e-07 +8.123514401806714e-07 -8.052620762812323e-07 +2.208899184139037e-06
1.074000e+04 -1.486952459827603e-06 -5.963668065541084e-08 +2.246849573361508e-07 -5.963668065541084e-08 -9.370197764022128e-07 -8.982313768996746e-07 +2.246849573361508e-07 -8.982313768996746e-07 +2.423972236229815e-06
1.080000e+04 -1.456845834159668e-06 +9.028370544113187e-08 -3.912246056653205e-07 +9.028370544113187e-08 -9.605341325291763e-07 -8.088765159669771e-07 -3.912246056653205e-07 -8.088765159669771e-07 +2.417379966688844e-06
1.086000e+04 -1.236956452405665e-06 +1.592218049816932e-07 -8.874012650589755e-07 +1.592218049816932e-07 -9.853141556300177e-07 -5.833048420083496e-07 -8.874012650589755e-07 -5.833048420083496e-07 +2.222270608035683e-06
1.092000e+04 -9.631062152765060e-07 +1.266972016020291e-07 -1.195299074883724e-06 +1.266972016020291e-07 -9.854124187011299e-07 -3.193915471165840e-07 -1.195299074883724e-06 -3.193915471165840e-07 +1.948518633977636e-06
1.098000e+04 -7.559328179703713e-07 +2.786542300898537e-08 -1.344056470112941e-06 +2.786542300898537e-08 -9.744821933688427e-07 -8.321195208229457e-08 -1.344056470112941e-06 -8.321195208229457e-08 +1.730415011339214e-06
1.104000e+04 -6.759718330952707e-07 -1.035069025757459e-07 -1.402084451004468e-06 -1.035069025757459e-07 -9.867155237328575e-07 +1.446847421772513e-07 -1.402084451004468e-06 +1.446847421772513e-07 +1.662687356828128e-06
1.110000e+04 -7.455781660656110e-07 -2.547930908255661e-07 -1.394725336931702e-06 -2.547930908255661e-07 -1.010929915061825e-06 +4.453924458394864e-07 -1.394725336931702e-06 +4.453924458394864e-07 +1.756508081127436e-06
1.116000e+04 -9.690104007114397e-07 -3.901157319363390e-07 -1.269701485421697e-06 -3.901157319363390e-07 -9.677780085214190e-07 +8.768491492671103e-07 -1.269701485421697e-06 +8.768491492671103e-07 +1.936788409232859e-06
1.122000e+04 -1.297893189942423e-06 -4.122689138517968e-07 -9.413318605953326e-07 -4.122689138517968e-07 -7.826245705189764e-07 +1.396765773418577e-06 -9.413318605953326e-07 +1.396765773418577e-06 +2.080517760461399e-06
1.128000e+04 -1.584891888303251e-06 -2.116957610432810e-07 -3.785240365406833e-07 -2.116957610432810e-07 -4.905725975496638e-07 +1.857923195386737e-06 -3.785240365406833e-07 +1.857923195386737e-06 +2.075464485852915e-06
1.134000e+04 -1.617951909569569e-06 +2.173866692331519e-07 +3.348716590830875e-07 +2.173866692331519e-07 -2.524520812146568e-07 +2.084872103923883e-06 +3.348716590830875e-07 +2.084872103923883e-06 +1.870403990784226e-06
1.140000e+04 -1.256278098659113e-06 +7.116010567657802e-07 +1.018332054378966e-06 +7.116010567657802e-07 -2.386288841387742e-07 +1.979882393478085e-06 +1.018332054378966e-06 +1.979882393478085e-06 +1.494906982797887e-06
1.146000e+04 -5.664664800070419e-07 +1.017861449554987e-06 +1.484669321124021e-06 +1.017861449554987e-06 -4.760895535902208e-07 +1.585124548809355e-06 +1.484669321124021e-06 +1.585124548809355e-06 +1.042556033597263e-06
1.152000e+04 +1.806590847701344e-07 +9.765517265001085e-07 +1.643634528108615e-06 +9.765517265001085e-07 -8.080182404586754e-07 +1.058684277602622e-06 +1.643634528108615e-06 +1.058684277602622e-06 +6.273591556885410e-07
1.158000e+04 +6.873057459754458e-07 +6.508776466081198e-07 +1.550022387541396e-06 +6.508776466081198e-07 -1.020358044286439e-06 +5.797027559452825e-07 +1.550022387541396e-06 +5.797027559452825e-07 +3.330522983109934e-07
1.164000e+04 +8.506816922155590e-07 +2.697159636758019e-07 +1.361653409446199e-06 +2.697159636758019e-07 -1.027689649272920e-06 +2.449529786269403e-07 +1.361653409446199e-06 +2.449529786269403e-07 +1.770079570573611e-07
1.170000e+04 +8.309661378928773e-07 +1.495041218414802e-08 +1.231384638142410e-06 +1.495041218414802e-08 -9.358038836763315e-07 +2.658007631007284e-08 +1.231384638142410e-06 +2.658007631007284e-08 +1.048377457834541e-07
1.176000e+04 +8.814096314270036e-07 -1.533879976450507e-07 +1.204732621846276e-06 -1.533879976450507e-07 -9.009309012878506e-07 -1.785195863309270e-07 +1.204732621846276e-06 -1.785195863309270e-07 +1.952126986084699e-08
1.182000e+04 +1.079235799156428e-06 -4.480156493973366e-07 +1.196929786126717e-06 -4.480156493973366e-07 -9.122425606633618e-07 -4.422488777977032e-07 +1.196929786126717e-06 -4.422488777977032e-07 -1.669932384930665e-07
1.188000e+04 +1.217789428304288e-06 -1.001305640067935e-06 +1.070532761290645e-06 -1.001305640067935e-06 -7.331821760246534e-07 -7.233467902957143e-07 +1.070532761290645e-06 -7.233467902957143e-07 -4.846072522796343e-07
1.194000e+04 +9.899605586381115e-07 -1.651235583487290e-06 +7.584889643881046e-07 -1.651235583487290e-06 -1.053500874188697e-07 -8.796119326142863e-07 +7.584889643881046e-07 -8.796119326142863e-07 -8.846104712192418e-07
1.200000e+04 +3.052617072355841e-07 -2.005566346341796e-06 +3.370182905393516e-07 -2.005566346341796e-06 +9.554189959214488e-07 -7.732467770803111e-07 +3.370182905393516e-07 -7.732467770803111e-07 -1.260680703157033e-06
1.206000e+04 -5.719415021185985e-07 -1.758797122821869e-06 -1.323984036615123e-08 -1.758797122821869e-06 +2.073794120837498e-06 -3.907498078159852e-07 -1.323984036615123e-08 -3.907498078159852e-07 -1.501852618718900e-06
1.212000e+04 -1.214057489042653e-06 -9.674291380842134e-07 -1.323483281256691e-07 -9.674291380842134e-07 +2.764085991466020e-06 +1.201632655250058e-07 -1.323483281256691e-07 +1.201632655250058e-07 -1.550028502423367e-06
1.218000e+04 -1.372205802584662e-06 -7.861776082074339e-09 +3.831206001357905e-09 -7.861776082074339e-09 +2.803622036554645e-06 +5.342177182609774e-07 +3.831206001357905e-09 +5.342177182609774e-07 -1.431416233969983e-06
1.224000e+04 -1.131841222155212e-06 +7.491983266680352e-07 +2.708842859017047e-07 +7.491983266680352e-07 +2.376171271025119e-06 +6.962248793724453e-07 +2.708842859017047e-07 +6.962248793724453e-07 -1.244330048869907e-06
1.230000e+04 -7.369270003275721e-07 +1.223835859194839e-06 +4.991666587312641e-07 +1.223835859194839e-06 +1.845138972975475e-06 +6.215713605271190e-07 +4.991666587312641e-07 +6.215713605271190e-07 -1.108211972647903e-06
1.236000e+04 -2.878446878817656e-07 +1.585702125745547e-06 +6.132678730427767e-07 +1.585702125745547e-06 +1.387378823350651e-06 +4.692584607798880e-07 +6.132678730427767e-07 +4.692584607798880e-07 -1.099534135468885e-06
1.242000e+04 +3.437279389871382e-07 +1.943670127797328e-06 +6.937492193946164e-07 +1.943670127797328e-06 +8.649271070426976e-07 +4.043240053807584e-07 +6.937492193946164e-07 +4.043240053807584e-07 -1.208655046029836e-06
1.248000e+04 +1.275590481506929e-06 +2.117543004928168e-06 +9.048950569820083e-07 +2.117543004928168e-06 +6.642888436176298e-08 +4.557883443831194e-07 +9.048950569820083e-07 +4.557883443831194e-07 -1.342019365868692e-06
1.254000e+04 +2.312910881807448e-06 +1.766233405453030e-06 +1.339613197527343e-06 +1.766233405453030e-06 -9.426151876621236e-07 +4.842882912666423e-07 +1.339613197527343e-06 +4.842882912666423e-07 -1.370295694145324e-06
1.260000e+04 +2.945187352004857e-06 +7.670381367303412e-07 +1.903797574167195e-06 +7.670381367303412e-07 -1.746919899442056e-06 +2.900892122748211e-07 +1.903797574167195e-06 +2.900892122748211e-07 -1.198267452562801e-06
1.266000e+04 +2.712773564845884e-06 -5.435192784284092e-07 +2.338739318780854e-06 -5.435192784284092e-07 -1.892258319018757e-06 -2.178822941636194e-07 +2.338739318780854e-06 -2.178822941636194e-07 -8.205152458271271e-07
1.272000e+04 +1.624538067358819e-06 -1.542925039508581e-06 +2.378867481210670e-06 -1.542925039508581e-06 -1.291003492117546e-06 -9.222834737612279e-07 +2.378867481210670e-06 -9.222834737612279e-07 -3.335345752412738e-07
1.278000e+04 +2.213471264776633e-07 -1.783955152518130e-06 +1.938609909197716e-06 -1.783955152518130e-06 -3.262477101589569e-07 -1.550795795190581e-06 +1.938609909197716e-06 -1.550795795190581e-06 +1.049005836812936e-07
1.284000e+04 -8.071333848195840e-07 -1.327541429821224e-06 +1.191074017898930e-06 -1.327541429821224e-06 +4.534447345554568e-07 -1.855247980751415e-06 +1.191074017898930e-06 -1.855247980751415e-06 +3.536886502641272e-07
1.290000e+04 -1.126033194665070e-06 -6.416927809755643e-07 +4.689387039684601e-07 -6.416927809755643e-07 +7.582965060561947e-07 -1.789049347370729e-06 +4.689387039684601e-07 -1.789049347370729e-06 +3.677366886088750e-07
1.296000e+04 -9.349391102452785e-07 -1.748221757723760e-07 +4.640670639421732e-08 -1.748221757723760e-07 +6.997029399350329e-07 -1.542640759832638e-06 +4.640670639421732e-08 -1.542640759832638e-06 +2.352361703102456e-07
1.302000e+04 -6.917631614695589e-07 -2.062775690596672e-08 -3.937844859252707e-08 -2.062775690596672e-08 +5.477971416440346e-07 -1.395692468293014e-06 -3.937844859252707e-08 -1.395692468293014e-06 +1.439660198255243e-07
1.308000e+04 -6.859956627733994e-07 +2.816331480107338e-08 +1.259447650045406e-08 +2.816331480107338e-08 +4.009078908305174e-07 -1.493512770007414e-06 +1.259447650045406e-08 -1.493512770007414e-06 +2.850877719428821e-07
1.314000e+04 -8.715575185396326e-07 +1.612110993170499e-07 -5.313048441403106e-08 +1.612110993170499e-07 +1.269686236345876e-07 -1.728210540789298e-06 -5.313048441403106e-08 -1.728210540789298e-06 +7.445888949050451e-07
1.320000e+04 -1.046305733269643e-06 +3.422265614876992e-07 -3.398870129043289e-07 +3.422265614876992e-07 -4.006025069494043e-07 -1.823478092284708e-06 -3.398870129043289e-07 -1.823478092284708e-06 +1.446908240219047e-06
1.326000e+04 -1.105730771737507e-06 +4.020648044202905e-07 -7.301555395857396e-07 +4.020648044202905e-07 -1.080302127478726e-06 -1.550373014219428e-06 -7.301555395857396e-07 -1.550373014219428e-06 +2.186032899216233e-06
1.332000e+04 -1.098051858907681e-06 +2.653569760882213e-07 -9.979703321141175e-07 +2.653569760882213e-07 -1.627940323108681e-06 -8.975833220167471e-07 -9.979703321141175e-07 -8.975833220167471e-07 +2.725992182016363e-06
1.338000e+04 -1.095152207501488e-06 +3.536501297158850e-08 -9.933199755926489e-07 +3.536501297158850e-08 -1.818815792685668e-06 -7.092082941886418e-08 -9.933199755926489e-07 -7.092082941886418e-08 +2.913968000187156e-06
1.344000e+04 -1.088785552033836e-06 -1.257658090847308e-07 -7.460897809139143e-07 -1.257658090847308e-07 -1.659165509318454e-06 +6.580507495788837e-07 -7.460897809139143e-07 +6.580507495788837e-07 +2.747951061352290e-06
1.350000e+04 -1.032219507163774e-06 -1.507600514022744e-07 -4.191896712610929e-07 -1.507600514022744e-07 -1.337941477126562e-06 +1.124695748828005e-06 -4.191896712610929e-07 +1.124695748828005e-06 +2.370160984290335e-06
1.356000e+04 -9.403240360262090e-07 -8.651922105525866e-08 -1.647451892324103e-07 -8.651922105525866e-08 -1.055146489931922e-06 +1.338122951255398e-06 -1.647451892324103e-07 +1.338122951255398e-06 +1.995470525958131e-06
1.362000e+04 -8.975419212634859e-07 +3.400000844032000e-09 -5.531170784930297e-09 +3.400000844032000e-09 -9.145082115148892e-07 +1.409788047927990e-06 -5.531170784930297e-09 +1.409788047927990e-06 +1.812050132778375e-06
1.368000e+04 -9.560254393521092e-07 +1.062414022991864e-07 +1.663088468733098e-07 +1.062414022991864e-07 -9.439137438326431e-07 +1.418424233865822e-06 +1.663088468733098e-07 +1.418424233865822e-06 +1.899939183184752e-06
1.374000e+04 -1.055300268189021e-06 +2.168465146310530e-07 +4.781177268824981e-07 +2.168465146310530e-07 -1.146160196270965e-06 +1.326661868553230e-06 +4.781177268824981e-07 +1.326661868553230e-06 +2.201460464459985e-06
1.380000e+04 -1.076095989596379e-06 +2.634076210278424e-07 +9.451000751559137e-07 +2.634076210278424e-07 -1.476188863997184e-06 +1.015475725518312e-06 +9.451000751559137e-07 +1.015475725518312e-06 +2.552284853593564e-06
1.386000e+04 -9.783129688461457e-07 +1.321012715240302e-07 +1.423551415158419e-06 +1.321012715240302e-07 -1.777485962063781e-06 +4.065694862244004e-07 +1.423551415158419e-06 +4.065694862244004e-07 +2.755798930909927e-06
1.392000e+04 -8.614468244498073e-07 -2.025705063702145e-07 +1.688954782520053e-06 -2.025705063702145e-07 -1.806123361767201e-06 -4.260997187028542e-07 +1.688954782520053e-06 -4.260997187028542e-07 +2.667570186217009e-06
1.398000e+04 -8.614860851269867e-07 -5.858837275587795e-07 +1.586601739438389e-06 -5.858837275587795e-07 -1.394056710462698e-06 -1.248505329299403e-06 +1.586601739438389e-06 -1.248505329299403e-06 +2.255542795589685e-06
1.404000e+04 -9.853283021350639e-07 -7.676878659330760e-07 +1.147899677005769e-06 -7.676878659330760e-07 -6.271576644143986e-07 -1.782320123939885e-06 +1.147899677005769e-06 -1.782320123939885e-06 +1.612485966549463e-06
1.410000e+04 -1.075777187028841e-06 -6.219259159826960e-07 +5.842973059864470e-07 -6.219259159826960e-07 +1.605278515866835e-07 -1.874086355578082e-06 +5.842973059864470e-07 -1.874086355578082e-06 +9.152493354421574e-07
1.416000e+04 -9.769457581361930e-07 -2.846714331611750e-07 +1.528654400062963e-07 -2.846714331611750e-07 +6.304794389306811e-07 -1.599867856242968e-06 +1.528654400062963e-07 -1.599867856242968e-06 +3.464663192055118e-07
1.422000e+04 -7.368151802485592e-07 -3.382996444543588e-08 -1.694739581069732e-08 -3.382996444543588e-08 +7.238286629161242e-07 -1.220388053012945e-06 -1.694739581069732e-08 -1.220388053012945e-06 +1.298651733243495e-08
1.428000e+04 -5.973199890999087e-07 +5.730114496000487e-09 -6.169689706177618e-09 +5.730114496000487e-09 +6.957145188117952e-07 -1.005463937301083e-06 -6.169689706177618e-09 -1.005463937301083e-06 -9.839452971188653e-08
1.434000e+04 -7.265233938332294e-07 +2.363860051049247e-08 -2.939709509434537e-08 +2.363860051049247e-08 +8.295792654712891e-07 -1.051552957929830e-06 -2.939709509434537e-08 -1.051552957929830e-06 -1.030558716380597e-07
1.440000e+04 -9.585918392554598e-07 +3.403759301300513e-07 -2.548029552416513e-07 +3.403759301300513e-07 +1.106785165031495e-06 -1.231015741516945e-06 -2.548029552416513e-07 -1.231015741516945e-06 -1.481933257760350e-07
