0.000000e+00 -2.859912598073881e-03 +2.400431547571421e-03 -7.328404584430075e-03
6.000000e+01 -2.204105435411595e-03 +3.388435699097490e-03 -7.498145833994868e-03
1.200000e+02 -1.151752804608893e-03 +4.291683590425106e-03 -7.579575573621140e-03
1.800000e+02 +2.487918044935681e-04 +4.912308198291076e-03 -7.466160001656267e-03
2.400000e+02 +1.821337793343732e-03 +5.074906836163282e-03 -7.105954534225512e-03
3.000000e+02 +3.307765060456456e-03 +4.719908091130653e-03 -6.524690614908747e-03
3.600000e+02 +4.475246708561811e-03 +3.944053835708147e-03 -5.820541077028688e-03
4.200000e+02 +5.226494211216920e-03 +2.952402432666536e-03 -5.129590674104106e-03
4.800000e+02 +5.641042784028332e-03 +1.940575497584011e-03 -4.572885776040035e-03
5.400000e+02 +5.909651614776466e-03 +9.780167316238791e-04 -4.205873355470126e-03
6.000000e+02 +6.192664006163527e-03 -2.591625783158966e-05 -3.993447188218670e-03
6.600000e+02 +6.492471312309934e-03 -1.239498078434043e-03 -3.824642505784627e-03
7.200000e+02 +6.631131099231784e-03 -2.758296032774478e-03 -3.562491307254099e-03
7.800000e+02 +6.356053185477847e-03 -4.490895960597660e-03 -3.106325843269309e-03
8.400000e+02 +5.505615571439593e-03 -6.166035633053765e-03 -2.437039689519652e-03
9.000000e+02 +4.121841887949545e-03 -7.463194771363651e-03 -1.624597865123346e-03
9.600000e+02 +2.433308481505440e-03 -8.181824060411451e-03 -7.958080158704240e-04
1.020000e+03 +7.212245953186941e-04 -8.336991551390543e-03 -7.865069383296798e-05
1.080000e+03 -8.392484737891987e-04 -8.119364292346004e-03 +4.511184136306755e-04
1.140000e+03 -2.255937744921908e-03 -7.748922754446016e-03 +7.981051624946166e-04
1.200000e+03 -3.666512254801572e-03 -7.321390694919544e-03 +1.039940959334067e-03
1.260000e+03 -5.195373145592910e-03 -6.747351367259928e-03 +1.290659072883559e-03
1.320000e+03 -6.817528710012642e-03 -5.819086843484519e-03 +1.652829194147894e-03
1.380000e+03 -8.315919047639266e-03 -4.358144988209604e-03 +2.178471426032144e-03
1.440000e+03 -9.355912176202843e-03 -2.352776106650962e-03 +2.851699445871763e-03
1.500000e+03 -9.633005870512888e-03 -9.136382670142375e-06 +3.595700700448579e-03
1.560000e+03 -9.016369991021874e-03 +2.307266292338861e-03 +4.298874661702879e-03
1.620000e+03 -7.619894241684617e-03 +4.208757945323614e-03 +4.851702443090560e-03
1.680000e+03 -5.768681463052133e-03 +5.437202573715836e-03 +5.185368081249311e-03
1.740000e+03 -3.873719351535758e-03 +5.960851451233094e-03 +5.302505450345279e-03
1.800000e+03 -2.267853614137832e-03 +5.967761489147658e-03 +5.289092356077818e-03
1.860000e+03 -1.080139038277870e-03 +5.751358153071956e-03 +5.297300495255564e-03
1.920000e+03 -2.169033909496712e-04 +5.540783507340636e-03 +5.496439857823234e-03
1.980000e+03 +5.335616154517611e-04 +5.370419642797475e-03 +6.004003715030268e-03
2.040000e+03 +1.331541657261753e-03 +5.072853563962840e-03 +6.824500610455361e-03
2.100000e+03 +2.160203607830087e-03 +4.407337611796014e-03 +7.828239620723690e-03
2.160000e+03 +2.829550723701074e-03 +3.243432774364537e-03 +8.788156850126912e-03
2.220000e+03 +3.107373494077854e-03 +1.676873798648518e-03 +9.465567512412522e-03
2.280000e+03 +2.883188232286875e-03 -8.579666635155322e-07 +9.710342227427329e-03
2.340000e+03 +2.246212026326156e-03 -1.455938004934054e-03 +9.530766780417491e-03
2.400000e+03 +1.420379294586038e-03 -2.479080310790282e-03 +9.097961171863898e-03
2.460000e+03 +6.060886598585744e-04 -3.048490229565457e-03 +8.676170596139609e-03
2.520000e+03 -1.474283287797210e-04 -3.251428866566998e-03 +8.504702263202074e-03
2.580000e+03 -9.349116795455359e-04 -3.139399383462222e-03 +8.684789365916176e-03
2.640000e+03 -1.856465675567304e-03 -2.647629486605863e-03 +9.127819217065861e-03
2.700000e+03 -2.862968424852008e-03 -1.655608905141787e-03 +9.593054250140452e-03
2.760000e+03 -3.719836591634727e-03 -1.421395439710426e-04 +9.797127885557954e-03
2.820000e+03 -4.129477948229859e-03 +1.698769092639451e-03 +9.541768507326916e-03
2.880000e+03 -3.924652152455578e-03 +3.491258863089989e-03 +8.800077647871262e-03
2.940000e+03 -3.186282199838960e-03 +4.856658299449225e-03 +7.724406128331956e-03
3.000000e+03 -2.192539993031833e-03 +5.620246908015114e-03 +6.575681261708665e-03
3.060000e+03 -1.229819372141638e-03 +5.897973064548030e-03 +5.608735208337972e-03
3.120000e+03 -4.004080212832130e-04 +5.994651637327146e-03 +4.967570292928322e-03
3.180000e+03 +4.327100753161420e-04 +6.180101942074356e-03 +4.638820689149436e-03
3.240000e+03 +1.525228534249641e-03 +6.498796334676954e-03 +4.480687509153373e-03
3.300000e+03 +3.046488947443308e-03 +6.739690564273041e-03 +4.304508322213439e-03
3.360000e+03 +4.934754477501288e-03 +6.571895889945333e-03 +3.962205271500943e-03
3.420000e+03 +6.899400667827282e-03 +5.741693922306338e-03 +3.398925225726745e-03
3.480000e+03 +8.549487163617560e-03 +4.207325583361621e-03 +2.656825267940377e-03
3.540000e+03 +9.559155007863565e-03 +2.151307774326273e-03 +1.841735006243550e-03
3.600000e+03 +9.782563412983327e-03 -1.103668283823405e-04 +1.075382160563641e-03
3.660000e+03 +9.277563574343240e-03 -2.259089372967493e-03 +4.526710895059039e-04
3.720000e+03 +8.246242752823766e-03 -4.081033419533559e-03 +1.463862286204199e-05
3.780000e+03 +6.930446535346356e-03 -5.511265229823021e-03 -2.597266127711971e-04
3.840000e+03 +5.510822738162401e-03 -6.604967183927333e-03 -4.436412847622670e-04
3.900000e+03 +4.052964129451335e-03 -7.455638402168726e-03 -6.377993643769976e-04
3.960000e+03 +2.523987433907046e-03 -8.103820544307560e-03 -9.366254430037670e-04
4.020000e+03 +8.691187812801488e-04 -8.487561271888976e-03 -1.394797149642177e-03
4.080000e+03 -8.967426081291927e-04 -8.467117409750058e-03 -2.005454797455800e-03
4.140000e+03 -2.641181884315725e-03 -7.914368967973349e-03 -2.699728574853109e-03
4.200000e+03 -4.146721863560218e-03 -6.814472018627805e-03 -3.370532694681690e-03
4.260000e+03 -5.210341802280819e-03 -5.313110311742990e-03 -3.913882731199188e-03
4.320000e+03 -5.749879263756560e-03 -3.671888219878898e-03 -4.272339521486503e-03
4.380000e+03 -5.846550457272861e-03 -2.152374978821187e-03 -4.461946520892509e-03
4.440000e+03 -5.690588167077908e-03 -8.987379711385933e-04 -4.568947346896864e-03
4.500000e+03 -5.461422942207746e-03 +1.062899069170595e-04 -4.715032351259446e-03
4.560000e+03 -5.220489405741154e-03 +9.847936068137701e-04 -5.004913208695091e-03
4.620000e+03 -4.887627433739172e-03 +1.847476316663308e-03 -5.479725532948445e-03
4.680000e+03 -4.314126538129190e-03 +2.698227919142316e-03 -6.097812155537060e-03
4.740000e+03 -3.399685771906268e-03 +3.421074585177273e-03 -6.751253317266787e-03
4.800000e+03 -2.175205272673489e-03 +3.850955859599300e-03 -7.309615344003349e-03
4.860000e+03 -8.027321253520828e-04 +3.874639604311503e-03 -7.671004259288324e-03
4.920000e+03 +4.986651985991167e-04 +3.495013516855034e-03 -7.799330479458441e-03
4.980000e+03 +1.548279814360954e-03 +2.823415910139084e-03 -7.734295354255653e-03
5.040000e+03 +2.262409997656600e-03 +2.013921511380116e-03 -7.572278549922859e-03
5.100000e+03 +2.649198376054211e-03 +1.187572233291349e-03 -7.427256583766619e-03
5.160000e+03 +2.755879556308784e-03 +3.944900800455122e-04 -7.387603347554345e-03
5.220000e+03 +2.612116205376240e-03 -3.685076071003818e-04 -7.485097033915537e-03
5.280000e+03 +2.209155658770933e-03 -1.105482179041602e-03 -7.686694625112085e-03
5.340000e+03 +1.525042287461293e-03 -1.775572423886687e-03 -7.910190159697794e-03
5.400000e+03 +5.731288487037790e-04 -2.286702634662728e-03 -8.056011284887624e-03
5.460000e+03 -5.635293786522932e-04 -2.532651680897769e-03 -8.042782998285323e-03
5.520000e+03 -1.738600836977234e-03 -2.448534647554756e-03 -7.834889974031676e-03
5.580000e+03 -2.789851791381818e-03 -2.048426503799004e-03 -7.454416326102422e-03
5.640000e+03 -3.601889958644007e-03 -1.419528571510604e-03 -6.974986491088290e-03
5.700000e+03 -4.147518637349513e-03 -6.727052720812157e-04 -6.499597989648286e-03
5.760000e+03 -4.480044645852986e-03 +1.237966872921720e-04 -6.128316628380800e-03
5.820000e+03 -4.675268224417632e-03 +9.861905392017135e-04 -5.924827838228779e-03
5.880000e+03 -4.753682414842398e-03 +1.999733604117703e-03 -5.892561308263253e-03
5.940000e+03 -4.632269231461674e-03 +3.244655339223741e-03 -5.969788735888480e-03
6.000000e+03 -4.145412947602948e-03 +4.701424465638881e-03 -6.047685120160402e-03
6.060000e+03 -3.135717679444126e-03 +6.195523213620370e-03 -6.007053536102970e-03
6.120000e+03 -1.568689573502774e-03 +7.427896850763962e-03 -5.761653880669155e-03
6.180000e+03 +3.992548913754520e-04 +8.090235353817792e-03 -5.292381950378053e-03
6.240000e+03 +2.452711008064663e-03 +8.010032746876609e-03 -4.658454718521218e-03
6.300000e+03 +4.248213988216321e-03 +7.241963503743160e-03 -3.978603536054301e-03
6.360000e+03 +5.579511163438651e-03 +6.040964666246326e-03 -3.385424233141541e-03
6.420000e+03 +6.476807185536971e-03 +4.716414357805316e-03 -2.967425635577530e-03
6.480000e+03 +7.162608368809088e-03 +3.446202639963042e-03 -2.722412333605679e-03
6.540000e+03 +7.870712095035213e-03 +2.173649235427236e-03 -2.546909804705857e-03
6.600000e+03 +8.636550502661039e-03 +6.744630204776603e-04 -2.274333176345134e-03
6.660000e+03 +9.211017866456575e-03 -1.231144906622757e-03 -1.751212606214353e-03
6.720000e+03 +9.184042936701700e-03 -3.463228255871558e-03 -9.175047462314272e-04
6.780000e+03 +8.257924440823751e-03 -5.632269384199105e-03 +1.510432159807245e-04
6.840000e+03 +6.487807825104452e-03 -7.221241972145931e-03 +1.266010106206411e-03
6.900000e+03 +4.307115518760070e-03 -7.897564032326065e-03 +2.211101089944885e-03
6.960000e+03 +2.294166570574766e-03 -7.739241957123050e-03 +2.851114205230562e-03
7.020000e+03 +8.255764729899420e-04 -7.195910609396983e-03 +3.208219600003594e-03
7.080000e+03 -1.373134431192117e-04 -6.787964480175512e-03 +3.458289789607333e-03
7.140000e+03 -9.668525108958580e-04 -6.750937760576821e-03 +3.841578224467197e-03
7.200000e+03 -2.053509728575553e-03 -6.886133144635369e-03 +4.534807692894596e-03
7.260000e+03 -3.497209892561871e-03 -6.720290414154896e-03 +5.557358370914091e-03
7.320000e+03 -5.025491456396540e-03 -5.840806433529344e-03 +6.760756988709640e-03
7.380000e+03 -6.169167048260493e-03 -4.163478047892646e-03 +7.897963569726569e-03
7.440000e+03 -6.546113586508518e-03 -1.974506745888467e-03 +8.728578477238624e-03
7.500000e+03 -6.063753595641537e-03 +2.391654074902678e-04 +9.109956934744647e-03
7.560000e+03 -4.938142793715438e-03 +2.036900175727333e-03 +9.042847869415820e-03
7.620000e+03 -3.550694250321083e-03 +3.201495977369088e-03 +8.663480668963245e-03
7.680000e+03 -2.246413772150691e-03 +3.766620379144697e-03 +8.191020556271909e-03
7.740000e+03 -1.191291167803790e-03 +3.908656716485056e-03 +7.849702310916603e-03
7.800000e+03 -3.578457359017149e-04 +3.789017259734158e-03 +7.790961597066320e-03
7.860000e+03 +3.732472860219711e-04 +3.450279987126366e-03 +8.041651289905437e-03
7.920000e+03 +1.075778715704273e-03 +2.825147992071935e-03 +8.497155836650757e-03
7.980000e+03 +1.699936329115837e-03 +1.838791098248755e-03 +8.962935112347402e-03
8.040000e+03 +2.101268571909161e-03 +5.232900713880464e-04 +9.230014331030713e-03
8.100000e+03 +2.147873219478924e-03 -9.420351665728034e-04 +9.156827285927614e-03
8.160000e+03 +1.823020602512275e-03 -2.297059708440043e-03 +8.726743181918017e-03
8.220000e+03 +1.244287875668001e-03 -3.331011005031295e-03 +8.058327567790596e-03
8.280000e+03 +5.798750744692938e-04 -3.985359905256106e-03 +7.361783449458122e-03
8.340000e+03 -7.988016557246859e-05 -4.352363202970624e-03 +6.856017200933305e-03
8.400000e+03 -7.967660877113906e-04 -4.564290254118259e-03 +6.679169940730506e-03
8.460000e+03 -1.737234057700297e-03 -4.651862350876309e-03 +6.831394518612199e-03
8.520000e+03 -3.024572045608121e-03 -4.480936809643475e-03 +7.175699551735212e-03
8.580000e+03 -4.592610370349410e-03 -3.823822657241063e-03 +7.495521057718872e-03
8.640000e+03 -6.149741794102062e-03 -2.522884864681722e-03 +7.581596307984674e-03
8.700000e+03 -7.288706498163533e-03 -6.353569091575163e-04 +7.310247172043385e-03
8.760000e+03 -7.680269763031008e-03 +1.541093353727205e-03 +6.683256210753525e-03
8.820000e+03 -7.235269688669534e-03 +3.585423542038623e-03 +5.818061698662632e-03
8.880000e+03 -6.139276811385494e-03 +5.147141217265801e-03 +4.895942651235142e-03
8.940000e+03 -4.740135643284216e-03 +6.103730632869913e-03 +4.089550225372317e-03
9.000000e+03 -3.355825561692545e-03 +6.588150408028528e-03 +3.497576352437153e-03
9.060000e+03 -2.118310600931796e-03 +6.870373910988004e-03 +3.111940213945009e-03
9.120000e+03 -9.465087847464899e-04 +7.167876561150805e-03 +2.830451238197460e-03
9.180000e+03 +3.424004716921335e-04 +7.505484743244429e-03 +2.508374200211516e-03
9.240000e+03 +1.864993916714354e-03 +7.710282956494155e-03 +2.024517520080430e-03
9.300000e+03 +3.561563978089896e-03 +7.534661700835458e-03 +1.331610656127979e-03
9.360000e+03 +5.210993118409701e-03 +6.817668750921448e-03 +4.703945162911216e-04
9.420000e+03 +6.548626922278361e-03 +5.579821734613606e-03 -4.542842813077568e-04
9.480000e+03 +7.401523358933305e-03 +4.002362191589945e-03 -1.320125184494636e-03
9.540000e+03 +7.756431922872719e-03 +2.320831504702477e-03 -2.034498272585361e-03
9.600000e+03 +7.730075420783588e-03 +7.096301545667950e-04 -2.563760722011082e-03
9.660000e+03 +7.474503511941386e-03 -7.743660808329771e-04 -2.937056414583802e-03
9.720000e+03 +7.081887537373128e-03 -2.168108766289636e-03 -3.227862655943806e-03
9.780000e+03 +6.541573179272980e-03 -3.526482935904682e-03 -3.523361853499207e-03
9.840000e+03 +5.764776396816044e-03 -4.844875530142874e-03 -3.893113137798371e-03
9.900000e+03 +4.655764528267809e-03 -6.022830850683971e-03 -4.366097751182805e-03
9.960000e+03 +3.189638080290994e-03 -6.885552590393531e-03 -4.921532520308534e-03
1.002000e+04 +1.458094931927452e-03 -7.252020906459371e-03 -5.495383738613422e-03
1.008000e+04 -3.396226590794439e-04 -7.018053565600051e-03 -6.001265251127949e-03
1.014000e+04 -1.959197070428556e-03 -6.214674673639506e-03 -6.360813683089576e-03
1.020000e+04 -3.200088631195454e-03 -5.010274429535809e-03 -6.534852001742851e-03
1.026000e+04 -3.977130428726540e-03 -3.649822721061605e-03 -6.544111152756884e-03
1.032000e+04 -4.335345810136197e-03 -2.357898357086352e-03 -6.469231696490513e-03
1.038000e+04 -4.397362941356737e-03 -1.256604349876455e-03 -6.425874122306903e-03
1.044000e+04 -4.273966992439947e-03 -3.454517042034979e-04 -6.521204086541671e-03
1.050000e+04 -3.995000486198991e-03 +4.460849929308230e-04 -6.808426807841407e-03
1.056000e+04 -3.506977765928743e-03 +1.170568970625193e-03 -7.260079484535928e-03
1.062000e+04 -2.738166509892965e-03 +1.800926955896914e-03 -7.774395440668443e-03
1.068000e+04 -1.683428901747482e-03 +2.237102484782908e-03 -8.214301169822691e-03
1.074000e+04 -4.469027862702713e-04 +2.372373907761602e-03 -8.463111599881064e-03
1.080000e+04 +7.882183813307882e-04 +2.167430903730449e-03 -8.472875639930291e-03
1.086000e+04 +1.840694865781856e-03 +1.676618806679697e-03 -8.284279065131165e-03
1.092000e+04 +2.605357500744900e-03 +1.008245441819183e-03 -8.009185192255406e-03
1.098000e+04 +3.069583896766933e-03 +2.511495934011433e-04 -7.782903222744139e-03
1.104000e+04 +3.265325312731068e-03 -5.743330470800220e-04 -7.706520554170992e-03
1.110000e+04 +3.198566047041774e-03 -1.501074750172358e-03 -7.804213637541795e-03
1.116000e+04 +2.814979467154806e-03 -2.545109186995198e-03 -8.013657945772518e-03
1.122000e+04 +2.032475619773900e-03 -3.633787046939368e-03 -8.212386844773231e-03
1.128000e+04 +8.199492647510923e-04 -4.589120206873758e-03 -8.267057468096197e-03
1.134000e+04 -7.341746285818326e-04 -5.185740368861555e-03 -8.084137624943121e-03
1.140000e+04 -2.415333162329742e-03 -5.252459154796519e-03 -7.642548101352549e-03
1.146000e+04 -3.951067410878834e-03 -4.757606124849942e-03 -6.998172727068530e-03
1.152000e+04 -5.121153773366932e-03 -3.826718340774295e-03 -6.261141800806035e-03
1.158000e+04 -5.850195080356693e-03 -2.678559982034647e-03 -5.555193751307117e-03
1.164000e+04 -6.228727889412854e-03 -1.510801167569360e-03 -4.972990064139018e-03
1.170000e+04 -6.443986662077140e-03 -3.978121376552419e-04 -4.542360873866795e-03
1.176000e+04 -6.651628529069393e-03 +7.370810023161385e-04 -4.216049989401944e-03
1.182000e+04 -6.860124097810874e-03 +2.049807318838400e-03 -3.890790373749045e-03
1.188000e+04 -6.902413660419657e-03 +3.639596785178342e-03 -3.450757782522694e-03
1.194000e+04 -6.523034748756332e-03 +5.432384924616275e-03 -2.819170173821546e-03
1.200000e+04 -5.535371341134895e-03 +7.165414519482501e-03 -1.996074673343090e-03
1.206000e+04 -3.951804739714766e-03 +8.495558546995897e-03 -1.064536131547439e-03
1.212000e+04 -1.999569102524271e-03 +9.172258336214887e-03 -1.604100307627523e-04
1.218000e+04 -5.451135525749723e-06 +9.167476752908325e-03 +5.832832775343191e-04
1.224000e+04 +1.780992982553359e-03 +8.675377114720228e-03 +1.094595247112744e-03
1.230000e+04 +3.310476061818536e-03 +7.974879480863395e-03 +1.397887071134455e-03
1.236000e+04 +4.717315589882813e-03 +7.239907642541394e-03 +1.608435924481662e-03
1.242000e+04 +6.168083311961827e-03 +6.423663000334003e-03 +1.885611063693005e-03
1.248000e+04 +7.675487148363349e-03 +5.300628447269389e-03 +2.362933459592652e-03
1.254000e+04 +9.008766835246757e-03 +3.646050445058955e-03 +3.085274238225883e-03
1.260000e+04 +9.773188158939128e-03 +1.437545104178352e-03 +3.981473778289447e-03
1.266000e+04 +9.620710467683135e-03 -1.056054517227363e-03 +4.885784143501498e-03
1.272000e+04 +8.465919757592649e-03 -3.364430351826865e-03 +5.601502664968318e-03
1.278000e+04 +6.571728756292167e-03 -5.038222450678287e-03 +5.983379794127376e-03
1.284000e+04 +4.443116945639275e-03 -5.872797738207649e-03 +6.006552617929909e-03
1.290000e+04 +2.582642784070461e-03 -5.994131552818900e-03 +5.790988591944926e-03
1.296000e+04 +1.252231548403978e-03 -5.748196029447036e-03 +5.563897635754225e-03
1.302000e+04 +3.897396030147650e-04 -5.463235898702485e-03 +5.568358277823129e-03
1.308000e+04 -2.707546016058114e-04 -5.245535968674823e-03 +5.955834221452749e-03
1.314000e+04 -9.679750180887391e-04 -4.947691268957615e-03 +6.714928793020585e-03
1.320000e+04 -1.739507322237243e-03 -4.320035001940782e-03 +7.673759594487335e-03
1.326000e+04 -2.417423315542080e-03 -3.222377787049130e-03 +8.574644715820123e-03
1.332000e+04 -2.771345736781831e-03 -1.742555103173236e-03 +9.182800434829238e-03
1.338000e+04 -2.676426714228291e-03 -1.534569502549616e-04 +9.378220088517134e-03
1.344000e+04 -2.186586296655718e-03 +1.240024466953236e-03 +9.194148265068069e-03
1.350000e+04 -1.477732421568525e-03 +2.248334224593779e-03 +8.792695362077284e-03
1.356000e+04 -7.192815981540997e-04 +2.845495094884615e-03 +8.393218737508543e-03
1.362000e+04 +2.654343080847245e-05 +3.103994275573450e-03 +8.184197956642920e-03
1.368000e+04 +8.078976166923949e-04 +3.080045610227621e-03 +8.252145594358854e-03
1.374000e+04 +1.693269724568448e-03 +2.740619818283584e-03 +8.552232144001868e-03
1.380000e+04 +2.658897982014857e-03 +1.987230343895231e-03 +8.928438304857775e-03
1.386000e+04 +3.539390922170780e-03 +7.593710570711190e-04 +9.173010274191203e-03
1.392000e+04 +4.083961491475623e-03 -8.575507839163713e-04 +9.102733858580321e-03
1.398000e+04 +4.089830888734803e-03 -2.602422173686621e-03 +8.626112563524236e-03
1.404000e+04 +3.530392214355113e-03 -4.123522133506636e-03 +7.779501089800844e-03
1.410000e+04 +2.590248890171776e-03 -5.142624169381999e-03 +6.718987596400207e-03
1.416000e+04 +1.568896788147085e-03 -5.602987333776785e-03 +5.667476615323211e-03
1.422000e+04 +6.983138130548795e-04 -5.698869389800976e-03 +4.832651137761253e-03
1.428000e+04 -1.084249807485809e-05 -5.747049779398998e-03 +4.326979770982903e-03
1.434000e+04 -7.801827140540691e-04 -5.967360679710065e-03 +4.125779815387833e-03
1.440000e+04 -1.906441452514126e-03 -6.315884710015429e-03 +4.084917490424071e-03
