0.000000e+00 -3.734998285305483e-04 -5.880831378997958e-03 -5.737857231247060e-03
6.000000e+01 -6.783952517308416e-04 -6.333502008634974e-03 -5.655820046132092e-03
1.200000e+02 -1.092976249871364e-03 -6.821893777647630e-03 -5.427910891235455e-03
1.800000e+02 -1.552127811245385e-03 -7.253423582680552e-03 -4.991488751373184e-03
2.400000e+02 -1.969231739865499e-03 -7.532949040966524e-03 -4.352395397546845e-03
3.000000e+02 -2.261972715495189e-03 -7.603144214116167e-03 -3.586935627786279e-03
3.600000e+02 -2.379888819134491e-03 -7.474600087990795e-03 -2.815772527034524e-03
4.200000e+02 -2.323783500062765e-03 -7.231291024597248e-03 -2.157332313430264e-03
4.800000e+02 -2.148381236026095e-03 -7.004779095956534e-03 -1.678096884959912e-03
5.400000e+02 -1.944826053483097e-03 -6.923412623840663e-03 -1.361572208645937e-03
6.000000e+02 -1.807797167383977e-03 -7.056304370488202e-03 -1.112572524994422e-03
6.600000e+02 -1.799751221508562e-03 -7.378348967689181e-03 -7.983054405063882e-04
7.200000e+02 -1.927510620647734e-03 -7.775646904820494e-03 -3.089643874704979e-04
7.800000e+02 -2.141608785251969e-03 -8.091819817986056e-03 +3.908742947264964e-04
8.400000e+02 -2.358574870458645e-03 -8.194999478663199e-03 +1.245017599077118e-03
9.000000e+02 -2.496206907086827e-03 -8.034798057489563e-03 +2.130527216512968e-03
9.600000e+02 -2.506865069328909e-03 -7.663624378829567e-03 +2.912221561661363e-03
1.020000e+03 -2.395583764382515e-03 -7.213535499786811e-03 +3.501123105181058e-03
1.080000e+03 -2.216759080603069e-03 -6.839656841474602e-03 +3.890629229974371e-03
1.140000e+03 -2.052063042276897e-03 -6.655287749539511e-03 +4.155503947186877e-03
1.200000e+03 -1.979460382385812e-03 -6.686276610738863e-03 +4.416219276758878e-03
1.260000e+03 -2.045837066215175e-03 -6.862235446481805e-03 +4.786306385217913e-03
1.320000e+03 -2.252875413133403e-03 -7.044956491113395e-03 +5.325922845865030e-03
1.380000e+03 -2.559295312271737e-03 -7.079182468794683e-03 +6.019041300512770e-03
1.440000e+03 -2.896034043146573e-03 -6.844936543815322e-03 +6.779429793021774e-03
1.500000e+03 -3.187304443193232e-03 -6.294583625637430e-03 +7.479522475953146e-03
1.560000e+03 -3.370371292174391e-03 -5.466526701343912e-03 +7.991020716540202e-03
1.620000e+03 -3.408977034776411e-03 -4.475030280858367e-03 +8.226082169225012e-03
1.680000e+03 -3.297933606938565e-03 -3.479691800701283e-03 +8.169717172838972e-03
1.740000e+03 -3.058679736055135e-03 -2.640172326933567e-03 +7.894807410279973e-03
1.800000e+03 -2.727770622969513e-03 -2.065057262845519e-03 +7.551598578265808e-03
1.860000e+03 -2.342595801980029e-03 -1.769133217404142e-03 +7.327252285241498e-03
1.920000e+03 -1.930397356871292e-03 -1.657414933404234e-03 +7.381376690699664e-03
1.980000e+03 -1.506083895725194e-03 -1.550315913809342e-03 +7.778328073162795e-03
2.040000e+03 -1.080141689186010e-03 -1.248812876661535e-03 +8.447154276968440e-03
2.100000e+03 -6.715927242522585e-04 -6.169729003913783e-04 +9.194604269027361e-03
2.160000e+03 -3.165747206539091e-04 +3.547212590033205e-04 +9.774040492902916e-03
2.220000e+03 -6.430618229055861e-05 +1.537281958200636e-03 +9.984852176984941e-03
2.280000e+03 +4.122670914131806e-05 +2.712290847898145e-03 +9.759369857092413e-03
2.340000e+03 -1.280184130823953e-05 +3.663696155191503e-03 +9.196624704717883e-03
2.400000e+03 -1.870424586972859e-04 +4.272563389576762e-03 +8.523287582457410e-03
2.460000e+03 -3.869812626725721e-04 +4.570209439488417e-03 +7.993747777997129e-03
2.520000e+03 -4.852311096543184e-04 +4.721106004665489e-03 +7.771691851528951e-03
2.580000e+03 -3.651002871872162e-04 +4.940009726143039e-03 +7.849742693469150e-03
2.640000e+03 +3.072699977857902e-05 +5.383026611278027e-03 +8.049569598189608e-03
2.700000e+03 +6.685019113338435e-04 +6.068369293402616e-03 +8.105079778019053e-03
2.760000e+03 +1.425488721436321e-03 +6.867338482862023e-03 +7.787730528932187e-03
2.820000e+03 +2.127873304489585e-03 +7.568603711222539e-03 +7.012285209897585e-03
2.880000e+03 +2.610437111827468e-03 +7.982229652027044e-03 +5.873906489120854e-03
2.940000e+03 +2.774412910276564e-03 +8.032758972511916e-03 +4.602541735047270e-03
3.000000e+03 +2.620554469165125e-03 +7.797695083919758e-03 +3.458704473648517e-03
3.060000e+03 +2.244407561177436e-03 +7.473499832087949e-03 +2.620283869085539e-03
3.120000e+03 +1.796555505512424e-03 +7.285560806564654e-03 +2.113272699171341e-03
3.180000e+03 +1.425998189762543e-03 +7.386752662660292e-03 +1.817132266310633e-03
3.240000e+03 +1.231778898086892e-03 +7.794797850660236e-03 +1.536581806983730e-03
3.300000e+03 +1.241707571944593e-03 +8.395610991512150e-03 +1.097813322029696e-03
3.360000e+03 +1.421341968298671e-03 +9.002449052042326e-03 +4.199833681758132e-04
3.420000e+03 +1.701788129281694e-03 +9.434439400629213e-03 -4.655552831165303e-04
3.480000e+03 +2.009836484245042e-03 +9.577502548448198e-03 -1.444313702317780e-03
3.540000e+03 +2.288660899643818e-03 +9.409202102515514e-03 -2.372025404147658e-03
3.600000e+03 +2.505806251420966e-03 +8.989519525178158e-03 -3.126763229585183e-03
3.660000e+03 +2.651543555083364e-03 +8.430399962156662e-03 -3.644071217728119e-03
3.720000e+03 +2.732663272430661e-03 +7.857610502106075e-03 -3.930149645475147e-03
3.780000e+03 +2.765502126511207e-03 +7.374637376264567e-03 -4.054542277865128e-03
3.840000e+03 +2.769741985247794e-03 +7.035163199342924e-03 -4.126328202593302e-03
3.900000e+03 +2.763061124942181e-03 +6.829502519363046e-03 -4.259488091961169e-03
3.960000e+03 +2.756625323593147e-03 +6.689377920013047e-03 -4.535738867032674e-03
4.020000e+03 +2.752116629033526e-03 +6.512033488050950e-03 -4.975821218592321e-03
4.080000e+03 +2.741449631079676e-03 +6.198327508230434e-03 -5.530213694002463e-03
4.140000e+03 +2.709797923915325e-03 +5.692562889533578e-03 -6.095353578373021e-03
4.200000e+03 +2.641193414805577e-03 +5.008488884935379e-03 -6.552248330716279e-03
4.260000e+03 +2.524624701558008e-03 +4.229117881854282e-03 -6.814404814258346e-03
4.320000e+03 +2.358159736929794e-03 +3.477580149036995e-03 -6.866023492245395e-03
4.380000e+03 +2.149509472071419e-03 +2.868728913216494e-03 -6.773022996133169e-03
4.440000e+03 +1.913221910705568e-03 +2.461142604911472e-03 -6.659441604628350e-03
4.500000e+03 +1.666361651329334e-03 +2.231135434667933e-03 -6.656969407362245e-03
4.560000e+03 +1.425045328346770e-03 +2.081810978949185e-03 -6.848926424639936e-03
4.620000e+03 +1.203185852793758e-03 +1.884021021447837e-03 -7.234104725707136e-03
4.680000e+03 +1.012956069400761e-03 +1.530606341459097e-03 -7.727004529815840e-03
4.740000e+03 +8.651837406617835e-04 +9.793320506484801e-04 -8.193497534534364e-03
4.800000e+03 +7.680599941816814e-04 +2.665515316343590e-04 -8.504756881560986e-03
4.860000e+03 +7.239426008806592e-04 -5.118375986561623e-04 -8.585770009592798e-03
4.920000e+03 +7.256105038722763e-04 -1.241438768387684e-03 -8.439529700884820e-03
4.980000e+03 +7.541188824111723e-04 -1.834121584505603e-03 -8.139746626061910e-03
5.040000e+03 +7.800834626917022e-04 -2.258867789768757e-03 -7.797612928883946e-03
5.100000e+03 +7.690093226675789e-04 -2.548148778993104e-03 -7.517199123865468e-03
5.160000e+03 +6.896738304569421e-04 -2.779505704511246e-03 -7.357029007629606e-03
5.220000e+03 +5.231923378636477e-04 -3.041512760819227e-03 -7.311709542739356e-03
5.280000e+03 +2.698306832672400e-04 -3.398543693143713e-03 -7.318799491770890e-03
5.340000e+03 -4.881373537688315e-05 -3.867826812954596e-03 -7.286086242820618e-03
5.400000e+03 -3.931865512319952e-04 -4.416100684873974e-03 -7.127430288386736e-03
5.460000e+03 -7.139651937996184e-04 -4.975107012034148e-03 -6.793880494659683e-03
5.520000e+03 -9.631409012776759e-04 -5.468804283391466e-03 -6.290317560349500e-03
5.580000e+03 -1.105630144532708e-03 -5.842407881504254e-03 -5.673755286566599e-03
5.640000e+03 -1.129085286830087e-03 -6.083859908363835e-03 -5.034970131077900e-03
5.700000e+03 -1.049694843522555e-03 -6.230868016176976e-03 -4.469188042335252e-03
5.760000e+03 -9.119251285796461e-04 -6.360420889486110e-03 -4.044234045497722e-03
5.820000e+03 -7.807916781980149e-04 -6.562555695570831e-03 -3.775912705598267e-03
5.880000e+03 -7.268883497931971e-04 -6.905703848617717e-03 -3.619612885707800e-03
5.940000e+03 -8.069934096562164e-04 -7.405472261145046e-03 -3.483077128118661e-03
6.000000e+03 -1.045627944531169e-03 -8.009601007365625e-03 -3.258111374599492e-03
6.060000e+03 -1.423987031828087e-03 -8.607426776227178e-03 -2.861186933139350e-03
6.120000e+03 -1.881255128932080e-03 -9.063542797869572e-03 -2.268075204945541e-03
6.180000e+03 -2.329729836263524e-03 -9.265910501000131e-03 -1.528358836993769e-03
6.240000e+03 -2.680638312896564e-03 -9.172055263522572e-03 -7.517956756651111e-04
6.300000e+03 -2.873410201273769e-03 -8.835243122481091e-03 -6.809080844661932e-05
6.360000e+03 -2.898588538613972e-03 -8.396455079783817e-03 +4.278115672855940e-04
6.420000e+03 -2.804640120725950e-03 -8.037967647588474e-03 +7.240721686085663e-04
6.480000e+03 -2.682881603178534e-03 -7.909765516484379e-03 +9.102504997808648e-04
6.540000e+03 -2.632805947873389e-03 -8.056444838978995e-03 +1.149625518264543e-03
6.600000e+03 -2.719807849965261e-03 -8.380374304049160e-03 +1.609182441903502e-03
6.660000e+03 -2.943392997860817e-03 -8.667235193367805e-03 +2.375033741326620e-03
6.720000e+03 -3.231560814249617e-03 -8.672428688496976e-03 +3.395350485818175e-03
6.780000e+03 -3.466076318281836e-03 -8.234307539033656e-03 +4.485653001302479e-03
6.840000e+03 -3.529210134687209e-03 -7.361330426068862e-03 +5.403356157818888e-03
6.900000e+03 -3.352313266185331e-03 -6.246446557966223e-03 +5.962854260370562e-03
6.960000e+03 -2.944947808087955e-03 -5.192369986216979e-03 +6.136325844475270e-03
7.020000e+03 -2.391320376727385e-03 -4.475098413238545e-03 +6.083622281232788e-03
7.080000e+03 -1.815992305866257e-03 -4.210812078756215e-03 +6.084925522726084e-03
7.140000e+03 -1.336282104290189e-03 -4.298218873089162e-03 +6.403698332720090e-03
7.200000e+03 -1.024721703973542e-03 -4.470338886840667e-03 +7.153057274252874e-03
7.260000e+03 -8.966393114818706e-04 -4.425620776802436e-03 +8.239352585672228e-03
7.320000e+03 -9.218632052099367e-04 -3.964254306213433e-03 +9.408149406722183e-03
7.380000e+03 -1.047908686565001e-03 -3.062645063848004e-03 +1.035823791341289e-02
7.440000e+03 -1.221023536759708e-03 -1.863576325747989e-03 +1.086160885924062e-02
7.500000e+03 -1.397680309975104e-03 -6.033442144440525e-04 +1.083974578224520e-02
7.560000e+03 -1.545984789770168e-03 +4.837861679503773e-04 +1.037705141838948e-02
7.620000e+03 -1.640665307758286e-03 +1.246984449843734e-03 +9.678127431669818e-03
7.680000e+03 -1.656904511046962e-03 +1.662505455531552e-03 +8.989847869745375e-03
7.740000e+03 -1.568114494703954e-03 +1.830338058427584e-03 +8.515014848324776e-03
7.800000e+03 -1.350903006828416e-03 +1.928344821247203e-03 +8.345078507044712e-03
7.860000e+03 -9.968035925518746e-04 +2.141128644641730e-03 +8.434088671545706e-03
7.920000e+03 -5.258656525519176e-04 +2.589561575305864e-03 +8.623111648225599e-03
7.980000e+03 +5.694422685860939e-06 +3.287090932521697e-03 +8.706327746477302e-03
8.040000e+03 +5.107003513323584e-04 +4.139061557600231e-03 +8.514087222637771e-03
8.100000e+03 +8.911872977027957e-04 +4.984945259530364e-03 +7.981502460453295e-03
8.160000e+03 +1.068951184736588e-03 +5.666999991437370e-03 +7.176237764049806e-03
8.220000e+03 +1.016191414484470e-03 +6.098193389101380e-03 +6.273748657799113e-03
8.280000e+03 +7.736780195008891e-04 +6.300876713297767e-03 +5.487766321472915e-03
8.340000e+03 +4.465454537212533e-04 +6.397597751217395e-03 +4.982545365804203e-03
8.400000e+03 +1.755780809124890e-04 +6.555343939472673e-03 +4.803699719200375e-03
8.460000e+03 +9.232875237661491e-05 +6.907077549143006e-03 +4.858961998541284e-03
8.520000e+03 +2.745957347493826e-04 +7.487234214357706e-03 +4.958166577443080e-03
8.580000e+03 +7.196908725164856e-04 +8.211652807624089e-03 +4.893600808160994e-03
8.640000e+03 +1.345572737149222e-03 +8.910073973597965e-03 +4.523813716972163e-03
8.700000e+03 +2.018446676953375e-03 +9.394666551013280e-03 +3.825538908745003e-03
8.760000e+03 +2.595848205931080e-03 +9.534341610208765e-03 +2.895743097723314e-03
8.820000e+03 +2.970074317974802e-03 +9.305633307890181e-03 +1.907374807902572e-03
8.880000e+03 +3.098062990336238e-03 +8.802105604458529e-03 +1.038739407813208e-03
8.940000e+03 +3.008769848850996e-03 +8.199561588274474e-03 +4.041390329449888e-04
9.000000e+03 +2.786352854286432e-03 +7.689890728815822e-03 +1.223481611815844e-05
9.060000e+03 +2.535740525769090e-03 +7.408769871288516e-03 -2.315131837122146e-04
9.120000e+03 +2.343952004597695e-03 +7.386589834654294e-03 -4.795488526054309e-04
9.180000e+03 +2.252394000877088e-03 +7.543462668631714e-03 -8.742840923574168e-04
9.240000e+03 +2.250321161927369e-03 +7.729570791174930e-03 -1.488330212048256e-03
9.300000e+03 +2.289750285128264e-03 +7.791092322144520e-03 -2.298907548196210e-03
9.360000e+03 +2.312706103181500e-03 +7.631388200124996e-03 -3.204626670559435e-03
9.420000e+03 +2.277639535521365e-03 +7.242341981437417e-03 -4.072608517355654e-03
9.480000e+03 +2.174423491294468e-03 +6.697064470745595e-03 -4.792221990207133e-03
9.540000e+03 +2.024035040638087e-03 +6.112665472621622e-03 -5.312841164821327e-03
9.600000e+03 +1.866018910846598e-03 +5.602151758894324e-03 -5.653704900477204e-03
9.660000e+03 +1.741071295159893e-03 +5.234863108231921e-03 -5.887191600658098e-03
9.720000e+03 +1.676424039241039e-03 +5.017554914432973e-03 -6.106281123679426e-03
9.780000e+03 +1.678863635052598e-03 +4.898373303471905e-03 -6.389811905090446e-03
9.840000e+03 +1.736118741328972e-03 +4.788300449129841e-03 -6.776419868664581e-03
9.900000e+03 +1.824046632156520e-03 +4.591280189009239e-03 -7.253030020704496e-03
9.960000e+03 +1.915691503070987e-03 +4.234336932581662e-03 -7.759292797234070e-03
1.002000e+04 +1.988777174223283e-03 +3.690486955642658e-03 -8.206227018208367e-03
1.008000e+04 +2.029654499248653e-03 +2.988819127712942e-03 -8.504767301348375e-03
1.014000e+04 +2.033267954362742e-03 +2.208070969542943e-03 -8.597140756679221e-03
1.020000e+04 +1.999921366902223e-03 +1.453416471432982e-03 -8.481485888582527e-03
1.026000e+04 +1.930503591232872e-03 +8.214437928389730e-04 -8.219644098217418e-03
1.032000e+04 +1.822415589958092e-03 +3.641528300635498e-04 -7.921619836405172e-03
1.038000e+04 +1.668493152295566e-03 +6.621478841060279e-05 -7.708401894583472e-03
1.044000e+04 +1.460316864086013e-03 -1.526719477428355e-04 -7.665272298070659e-03
1.050000e+04 +1.195293841560273e-03 -4.078412072033616e-04 -7.805039044451781e-03
1.056000e+04 +8.844520824879123e-04 -8.026135907425919e-04 -8.059245301219377e-03
1.062000e+04 +5.564425275178146e-04 -1.384268758539664e-03 -8.303992408592536e-03
1.068000e+04 +2.540745475552387e-04 -2.123264029262154e-03 -8.410737190611597e-03
1.074000e+04 +2.282906429472315e-05 -2.925697351958980e-03 -8.300115170840056e-03
1.080000e+04 -1.052526260486972e-04 -3.673731752122730e-03 -7.975041281836273e-03
1.086000e+04 -1.261050290237734e-04 -4.276023642246799e-03 -7.518524268325503e-03
1.092000e+04 -7.013757762659155e-05 -4.705775744132302e-03 -7.057070878744303e-03
1.098000e+04 +3.221983249122782e-06 -5.009517204396071e-03 -6.705500055166747e-03
1.104000e+04 +2.233292401298307e-05 -5.282797455091325e-03 -6.517224807214807e-03
1.110000e+04 -7.389077713308192e-05 -5.624091038053013e-03 -6.461728933654926e-03
1.116000e+04 -3.154996495963675e-04 -6.088182712560795e-03 -6.438547590540429e-03
1.122000e+04 -6.909297613057518e-04 -6.659925840056722e-03 -6.320337570539313e-03
1.128000e+04 -1.149958278482953e-03 -7.258929599134841e-03 -6.005174209234951e-03
1.134000e+04 -1.618521444451903e-03 -7.771509000291401e-03 -5.456027207570883e-03
1.140000e+04 -2.019716761826097e-03 -8.095583437452036e-03 -4.713064390457017e-03
1.146000e+04 -2.294130382259246e-03 -8.181059621109399e-03 -3.876519122544424e-03
1.152000e+04 -2.414022581647979e-03 -8.051683242961726e-03 -3.068350992013845e-03
1.158000e+04 -2.388494056175398e-03 -7.801138661020566e-03 -2.386833761553952e-03
1.164000e+04 -2.259225591156997e-03 -7.563789983933829e-03 -1.869540658425872e-03
1.170000e+04 -2.088224997564406e-03 -7.468031776618026e-03 -1.477862865525879e-03
1.176000e+04 -1.940468769853911e-03 -7.587113026193762e-03 -1.110326477583924e-03
1.182000e+04 -1.865687268299510e-03 -7.906179750713232e-03 -6.424913855487342e-04
1.188000e+04 -1.884455928379238e-03 -8.321426278149918e-03 +1.997306139989889e-05
1.194000e+04 -1.983269329741833e-03 -8.675922149206691e-03 +8.963963399388966e-04
1.200000e+04 -2.120791294196576e-03 -8.820589028384680e-03 +1.915011410052092e-03
1.206000e+04 -2.243627068189588e-03 -8.676068399521073e-03 +2.935385427393811e-03
1.212000e+04 -2.306383394357691e-03 -8.268917196078258e-03 +3.802622121988311e-03
1.218000e+04 -2.289004557585590e-03 -7.725055330588117e-03 +4.412126175275221e-03
1.224000e+04 -2.205068210629639e-03 -7.220484714804423e-03 +4.757574750990663e-03
1.230000e+04 -2.097710144227120e-03 -6.907343813934548e-03 +4.939661561354299e-03
1.236000e+04 -2.024288332990040e-03 -6.845431713112491e-03 +5.128227430241181e-03
1.242000e+04 -2.035293813176992e-03 -6.969570878696807e-03 +5.490618182823166e-03
1.248000e+04 -2.155439946633302e-03 -7.109491118128111e-03 +6.115752947337709e-03
1.254000e+04 -2.373949165779043e-03 -7.056196326720769e-03 +6.967419868350557e-03
1.260000e+04 -2.647145416442462e-03 -6.647970722991926e-03 +7.888661646580581e-03
1.266000e+04 -2.911562942920079e-03 -5.840617717119749e-03 +8.657609003363240e-03
1.272000e+04 -3.102179836616371e-03 -4.733099221195148e-03 +9.074264326299476e-03
1.278000e+04 -3.169237879734921e-03 -3.536763872872724e-03 +9.045406051624410e-03
1.284000e+04 -3.088331421544214e-03 -2.496974937194624e-03 +8.633483712396113e-03
1.290000e+04 -2.861443547506178e-03 -1.794962122858854e-03 +8.045213328220942e-03
1.296000e+04 -2.510558194568156e-03 -1.469904573215938e-03 +7.556670989413651e-03
1.302000e+04 -2.068813793993078e-03 -1.398919984084796e-03 +7.400573607305259e-03
1.308000e+04 -1.574620051324745e-03 -1.349970979368582e-03 +7.665446299805928e-03
1.314000e+04 -1.070693140960300e-03 -1.086099759739996e-03 +8.257172441804368e-03
1.320000e+04 -6.048927053956359e-04 -4.703094141187602e-04 +8.943606002393403e-03
1.326000e+04 -2.274561151858971e-04 +4.799432982526272e-04 +9.458863792108595e-03
1.332000e+04 +1.821826267319584e-05 +1.610655009880689e-03 +9.614891462742851e-03
1.338000e+04 +1.090635496366690e-04 +2.706042213415650e-03 +9.370339465688311e-03
1.344000e+04 +5.441956255355771e-05 +3.581198101836959e-03 +8.833076547728443e-03
1.350000e+04 -9.916682515522761e-05 +4.152330137941717e-03 +8.203567028546754e-03
1.356000e+04 -2.738393115507094e-04 +4.459284193896121e-03 +7.687660608900322e-03
1.362000e+04 -3.769661049924490e-04 +4.636617696755883e-03 +7.414597365996819e-03
1.368000e+04 -3.248182418543070e-04 +4.849320232017762e-03 +7.390255261338259e-03
1.374000e+04 -6.726821549898565e-05 +5.221176323332023e-03 +7.500241781520667e-03
1.380000e+04 +3.937180348275063e-04 +5.784065940481734e-03 +7.558134742601704e-03
1.386000e+04 +9.980748272639154e-04 +6.466105636344026e-03 +7.378439843998304e-03
1.392000e+04 +1.637531044614588e-03 +7.120998668434719e-03 +6.847172303445443e-03
1.398000e+04 +2.180794180221665e-03 +7.586879764400740e-03 +5.965947369125346e-03
1.404000e+04 +2.509047764987748e-03 +7.753928410227992e-03 +4.854792961700841e-03
1.410000e+04 +2.552705416225275e-03 +7.616474072311356e-03 +3.711304992170657e-03
1.416000e+04 +2.317556937026435e-03 +7.287535881251846e-03 +2.737872532216261e-03
1.422000e+04 +1.888909426715829e-03 +6.963970171715944e-03 +2.062622638277200e-03
1.428000e+04 +1.408267462331434e-03 +6.849855756659322e-03 +1.687516379964816e-03
1.434000e+04 +1.028160095292901e-03 +7.068425547015211e-03 +1.490095546892951e-03
1.440000e+04 +8.618534400795538e-04 +7.604400492268007e-03 +1.281316271129214e-03
