0.000000e+00 101 +6.340034431367027e+01 -4.297264198967289e+01
0.000000e+00 337 +1.227443042271199e+02 -2.175384905618124e+01
0.000000e+00 394 -5.262654841221091e+01 +1.757367412317648e+01
6.000000e+01 101 +6.088012309792679e+01 -3.887030060587139e+01
6.000000e+01 337 +1.222175645337968e+02 -2.653455230572448e+01
6.000000e+01 394 -8.172469963383958e+01 +1.494685841092770e+01
1.200000e+02 101 +5.999519328559983e+01 -3.431391443117737e+01
1.200000e+02 337 +1.198633336697148e+02 -3.117691240259545e+01
1.200000e+02 394 -1.064222278022573e+02 +9.706027976702035e+00
1.800000e+02 101 +6.091916225180972e+01 -2.947104990017027e+01
1.800000e+02 337 +1.159304492378511e+02 -3.555399521136854e+01
1.800000e+02 394 -1.260507862961703e+02 +3.833156023644857e+00
2.400000e+02 101 +6.396876557677172e+01 -2.452754645339600e+01
2.400000e+02 337 +1.105465688387484e+02 -3.954394536278311e+01
2.400000e+02 394 -1.419602789415817e+02 -1.776539496498017e+00
3.000000e+02 101 +6.966089135057867e+01 -1.973726451928933e+01
3.000000e+02 337 +1.037784504372809e+02 -4.301547104209013e+01
3.000000e+02 394 -1.554789993912450e+02 -6.949355799861633e+00
3.600000e+02 101 +7.865671373677543e+01 -1.551582112965113e+01
3.600000e+02 337 +9.569615227579537e+01 -4.582683816785389e+01
3.600000e+02 394 -1.675058393453608e+02 -1.172159099684291e+01
4.200000e+02 101 +9.133140278850883e+01 -1.255215266942801e+01
4.200000e+02 337 +8.643842986425437e+01 -4.783666868176721e+01
4.200000e+02 394 -1.786135882885249e+02 -1.615493539699310e+01
4.800000e+02 101 +1.067819628209624e+02 -1.170373227269685e+01
4.800000e+02 337 +7.626063242197105e+01 -4.892590421683727e+01
4.800000e+02 394 +1.708231756636436e+02 -2.029610205031325e+01
5.400000e+02 101 +1.224126417074811e+02 -1.338165851288844e+01
5.400000e+02 337 +6.553087688340533e+01 -4.902535951516295e+01
5.400000e+02 394 +1.605464990190075e+02 -2.417475866741094e+01
6.000000e+02 101 +1.356921970454168e+02 -1.711774651108163e+01
6.000000e+02 337 +5.465558351942954e+01 -4.813626026142428e+01
6.000000e+02 394 +1.503690250923046e+02 -2.780758929237506e+01
6.600000e+02 101 +1.458330304314891e+02 -2.209946080572231e+01
6.600000e+02 337 +4.396687506630695e+01 -4.633166013432404e+01
6.600000e+02 394 +1.401490535083134e+02 -3.120111992880624e+01
7.200000e+02 101 +1.533072636840173e+02 -2.774011836842277e+01
7.200000e+02 337 +3.363756570004292e+01 -4.373862113603246e+01
7.200000e+02 394 +1.297776597383212e+02 -3.435286554133418e+01
7.800000e+02 101 +1.588740482059047e+02 -3.372877023072042e+01
7.800000e+02 337 +2.365947327533991e+01 -4.051332120508841e+01
7.800000e+02 394 +1.191728282664506e+02 -3.725207823908453e+01
8.400000e+02 101 +1.631778535847916e+02 -3.990970902271330e+01
8.400000e+02 337 +1.386729303051944e+01 -3.682221739822440e+01
8.400000e+02 394 +1.082776738089561e+02 -3.988142606649069e+01
9.000000e+02 101 +1.667058962126972e+02 -4.619765177394899e+01
9.000000e+02 337 +3.971192922578617e+00 -3.283561935315528e+01
9.000000e+02 394 +9.706074918362305e+01 -4.222032037722942e+01
9.600000e+02 101 +1.698502790613730e+02 -5.253778637715654e+01
9.600000e+02 337 -6.422316717020161e+00 -2.873520230901674e+01
9.600000e+02 394 +8.551670766670026e+01 -4.424981130125808e+01
1.020000e+03 101 +1.729996878589358e+02 -5.888774344084096e+01
1.020000e+03 337 -1.779339838187141e+01 -2.473704482811871e+01
1.020000e+03 394 +7.366567830358490e+01 -4.595830160132621e+01
1.080000e+03 101 +1.766868323398106e+02 -6.520527178082425e+01
1.080000e+03 337 -3.065137409952747e+01 -2.113159507431886e+01
1.080000e+03 394 +6.155008384151269e+01 -4.734696532402451e+01
1.140000e+03 101 -1.780565580711344e+02 -7.142662783417937e+01
1.140000e+03 337 -4.534542970170779e+01 -1.832664633988462e+01
1.140000e+03 394 +4.922855503891620e+01 -4.843375098050243e+01
1.200000e+03 101 -1.684847554471066e+02 -7.739344817941159e+01
1.200000e+03 337 -6.167814856744834e+01 -1.682683086227057e+01
1.200000e+03 394 +3.676789687173356e+01 -4.925515481899835e+01
1.260000e+03 101 -1.449110291488627e+02 -8.247518605113952e+01
1.260000e+03 337 -7.857987203864076e+01 -1.704479557579192e+01
1.260000e+03 394 +2.423510689604347e+01 -4.986543704688809e+01
1.320000e+03 101 -9.008061204718253e+01 -8.385659884175321e+01
1.320000e+03 337 -9.446818629718804e+01 -1.902779807748379e+01
1.320000e+03 394 +1.169157551512737e+01 -5.033344134597049e+01
1.380000e+03 101 -5.306375959510674e+01 -7.992604071803476e+01
1.380000e+03 337 -1.081789228684031e+02 -2.244085284603599e+01
1.380000e+03 394 -8.093081019850799e-01 -5.073752511501515e+01
1.440000e+03 101 -4.024183237703202e+01 -7.430964793689189e+01
1.440000e+03 337 -1.193977768313034e+02 -2.682906905917964e+01
1.440000e+03 394 -1.322133425695965e+01 -5.115929281597689e+01
1.500000e+03 101 -3.522354793854476e+01 -6.834862083183062e+01
1.500000e+03 337 -1.283657771565619e+02 -3.182145110455784e+01
1.500000e+03 394 -2.550280516619576e+01 -5.167692406849901e+01
1.560000e+03 101 -3.338848176600038e+01 -6.235562752144524e+01
1.560000e+03 337 -1.354765190244382e+02 -3.716709229147899e+01
1.560000e+03 394 -3.761387170519752e+01 -5.235897224157885e+01
1.620000e+03 101 -3.334745049117640e+01 -5.646192021621585e+01
1.620000e+03 337 -1.410663847421995e+02 -4.270121095238537e+01
1.620000e+03 394 -4.951544872170561e+01 -5.325955285077848e+01
1.680000e+03 101 -3.463746019600507e+01 -5.076267357014027e+01
1.680000e+03 337 -1.453458584137331e+02 -4.830909625192481e+01
1.680000e+03 394 -6.117047694288940e+01 -5.441572442548391e+01
1.740000e+03 101 -3.715186088235559e+01 -4.535402591614103e+01
1.740000e+03 337 -1.483763006364671e+02 -5.390158008370278e+01
1.740000e+03 394 -7.254732167157488e+01 -5.584747166906649e+01
1.800000e+03 101 -4.096133813507159e+01 -4.035124450959778e+01
1.800000e+03 337 -1.500347301035043e+02 -5.939703640263048e+01
1.800000e+03 394 -8.362433998467964e+01 -5.756005020474915e+01
1.860000e+03 101 -4.622848431716319e+01 -3.590481721251057e+01
1.860000e+03 337 -1.499242871150829e+02 -6.470109144545467e+01
1.860000e+03 394 -9.439441217857484e+01 -5.954775815171296e+01
1.920000e+03 101 -5.311219318218176e+01 -3.221456060389674e+01
1.920000e+03 337 -1.471739897408391e+02 -6.967080451781747e+01
1.920000e+03 394 -1.048686149672031e+02 -6.179779102830619e+01
1.980000e+03 101 -6.160185223408212e+01 -2.952798549256245e+01
1.980000e+03 337 -1.400880116885300e+02 -7.403779841680100e+01
1.980000e+03 394 -1.150791000018464e+02 -6.429296264595058e+01
2.040000e+03 101 -7.129365977955210e+01 -2.809508500721855e+01
2.040000e+03 337 -1.261441917396007e+02 -7.726060462395350e+01
2.040000e+03 394 -1.250825058761601e+02 -6.701272163037081e+01
2.100000e+03 101 -8.129066534828738e+01 -2.806691651615327e+01
2.100000e+03 337 -1.052525747355395e+02 -7.848111572570812e+01
2.100000e+03 394 -1.349671540139144e+02 -6.993274072565958e+01
2.160000e+03 101 -9.046089503017203e+01 -2.939787616014668e+01
2.160000e+03 337 -8.520624269536687e+01 -7.728036288311863e+01
2.160000e+03 394 -1.448715048775073e+02 -7.302392844541060e+01
2.220000e+03 101 -9.790987644732893e+01 -3.184959374900373e+01
2.220000e+03 337 -7.284761872306950e+01 -7.438340673639135e+01
2.220000e+03 394 -1.550344171268861e+02 -7.625160400443377e+01
2.280000e+03 101 -1.032148731974688e+02 -3.508992859552851e+01
2.280000e+03 337 -6.735352711447752e+01 -7.073325434229962e+01
2.280000e+03 394 -1.659491272573194e+02 -7.957436153769970e+01
2.340000e+03 101 -1.063099273878229e+02 -3.878705039073038e+01
2.340000e+03 337 -6.623837316334739e+01 -6.689830696350025e+01
2.340000e+03 394 -1.789616974639866e+02 -8.293739015043187e+01
2.400000e+03 101 -1.072686651664376e+02 -4.264619762159884e+01
2.400000e+03 337 -6.791623028862824e+01 -6.318990859282552e+01
2.400000e+03 394 +1.600903706112867e+02 -8.621863810461141e+01
2.460000e+03 101 -1.061652879581960e+02 -4.640432331921433e+01
2.460000e+03 337 -7.154153287184243e+01 -5.980637801198036e+01
2.460000e+03 394 +8.493035622942628e+01 -8.834238733439670e+01
2.520000e+03 101 -1.030408675580224e+02 -4.980988474934284e+01
2.520000e+03 337 -7.664908882950799e+01 -5.689922795933053e+01
2.520000e+03 394 +1.408680093941805e+01 -8.609849647648900e+01
2.580000e+03 101 -9.795758905152637e+01 -5.260608711260408e+01
2.580000e+03 337 -8.293991915518974e+01 -5.459830683676136e+01
2.580000e+03 394 -6.260174566707775e+00 -8.285604872891093e+01
2.640000e+03 101 -9.112318263525114e+01 -5.453280883442960e+01
2.640000e+03 337 -9.016635042980170e+01 -5.301662904683175e+01
2.640000e+03 394 -1.927918007272450e+01 -7.956537947559859e+01
2.700000e+03 101 -8.302786142281030e+01 -5.536065484557785e+01
2.700000e+03 337 -9.807671440384490e+01 -5.224305475400245e+01
2.700000e+03 394 -3.034752702427770e+01 -7.633314190601357e+01
2.760000e+03 101 -7.445907071270506e+01 -5.495190272644069e+01
2.760000e+03 337 -1.064049067663583e+02 -5.232906560493468e+01
2.760000e+03 394 -4.072824260636364e+01 -7.320669861380223e+01
2.820000e+03 101 -6.629635533629286e+01 -5.330786731472605e+01
2.820000e+03 337 -1.148949837700500e+02 -5.327780926231016e+01
2.820000e+03 394 -5.088150020653838e+01 -7.022465921996121e+01
2.880000e+03 101 -5.921952950227429e+01 -5.055789477246209e+01
2.880000e+03 337 -1.233437650532779e+02 -5.504296145896080e+01
2.880000e+03 394 -6.102523231509411e+01 -6.742271097269368e+01
2.940000e+03 101 -5.357657826485816e+01 -4.689709499495901e+01
2.940000e+03 337 -1.316414447296726e+02 -5.753932081035440e+01
2.940000e+03 394 -7.128243315639577e+01 -6.483229813270773e+01
3.000000e+03 101 -4.946024173957380e+01 -4.252060127861945e+01
3.000000e+03 337 -1.398014303765143e+02 -6.066004168230734e+01
3.000000e+03 394 -8.173052479807822e+01 -6.247808418153241e+01
3.060000e+03 101 -4.686519395952674e+01 -3.758552775280350e+01
3.060000e+03 337 -1.479919372759057e+02 -6.429214506624488e+01
3.060000e+03 394 -9.242021294278825e+01 -6.037618258862630e+01
3.120000e+03 101 -4.583145619453479e+01 -3.219978560699841e+01
3.120000e+03 337 -1.566100844018108e+02 -6.832275785593687e+01
3.120000e+03 394 -1.033829595482516e+02 -5.853374867792865e+01
3.180000e+03 101 -4.657773785333921e+01 -2.642503413451179e+01
3.180000e+03 337 -1.665022173242077e+02 -7.262813942498978e+01
3.180000e+03 394 -1.146338571139665e+02 -5.694950832073153e+01
3.240000e+03 101 -4.969865039337561e+01 -2.028534005108587e+01
3.240000e+03 337 -1.796590916924681e+02 -7.702263868643479e+01
3.240000e+03 394 -1.261729586775985e+02 -5.561422795787286e+01
3.300000e+03 101 -5.657988866273750e+01 -1.379497581847051e+01
3.300000e+03 337 +1.585306884187575e+02 -8.105889854191615e+01
3.300000e+03 394 -1.379866763608724e+02 -5.451028361298939e+01
3.360000e+03 101 -7.021628190549220e+01 -7.147308420820742e+00
3.360000e+03 337 +1.172178818866833e+02 -8.328866833518855e+01
3.360000e+03 394 -1.500498793264148e+02 -5.361026117379714e+01
3.420000e+03 101 -9.486630361391745e+01 -1.787095186830008e+00
3.420000e+03 337 +7.167180650534445e+01 -8.157377328803160e+01
3.420000e+03 394 -1.623284183170126e+02 -5.287537432577217e+01
3.480000e+03 101 -1.261235478695010e+02 -1.581710458453867e+00
3.480000e+03 337 +4.700121241418766e+01 -7.720241875482067e+01
3.480000e+03 394 -1.747812256686825e+02 -5.225485069488823e+01
3.540000e+03 101 -1.492660827832381e+02 -6.514813334781021e+00
3.540000e+03 337 +3.369629761578042e+01 -7.188743445443031e+01
3.540000e+03 394 +1.726387926322225e+02 -5.168715029276176e+01
3.600000e+03 101 -1.625966078017867e+02 -1.304377181887650e+01
3.600000e+03 337 +2.498406307928030e+01 -6.617812766901012e+01
3.600000e+03 394 +1.599851467167565e+02 -5.110321960203578e+01
3.660000e+03 101 -1.705349986594156e+02 -1.978903056418459e+01
3.660000e+03 337 +1.839886600604905e+01 -6.025244493701118e+01
3.660000e+03 394 +1.473185536193877e+02 -5.043134446947061e+01
3.720000e+03 101 -1.758392217855820e+02 -2.648289221432370e+01
3.720000e+03 337 +1.292709947792379e+01 -5.418065686583189e+01
3.720000e+03 394 +1.347066248882921e+02 -4.960277226490906e+01
3.780000e+03 101 -1.798807256232940e+02 -3.307799137085317e+01
3.780000e+03 337 +8.072667743965168e+00 -4.798960907647609e+01
3.780000e+03 394 +1.222211022858947e+02 -4.855715154875200e+01
3.840000e+03 101 +1.765887303102105e+02 -3.955957955953227e+01
3.840000e+03 337 +3.547086151547068e+00 -4.168031038695057e+01
3.840000e+03 394 +1.099322733489960e+02 -4.724692683869333e+01
3.900000e+03 101 +1.730580399981371e+02 -4.590879684789628e+01
3.900000e+03 337 -8.533576004298215e-01 -3.523095682971105e+01
3.900000e+03 394 +9.790153585475639e+01 -4.564007285461626e+01
3.960000e+03 101 +1.690603388150493e+02 -5.208901315794619e+01
3.960000e+03 337 -5.311609812076347e+00 -2.859067716518475e+01
3.960000e+03 394 +8.617400599932256e+01 -4.372089450809935e+01
4.020000e+03 101 +1.640249331555104e+02 -5.802941411359414e+01
4.020000e+03 337 -1.004471372225974e+01 -2.165879935411477e+01
4.020000e+03 394 +7.477302777249857e+01 -4.148895558401176e+01
4.080000e+03 101 +1.571048993903678e+02 -6.359379717325920e+01
4.080000e+03 337 -1.539264378390001e+01 -1.422936660375945e+01
4.080000e+03 394 +6.369751706583359e+01 -3.895642904041058e+01
4.140000e+03 101 +1.469685008911241e+02 -6.851751041891860e+01
4.140000e+03 337 -2.204746421354537e+01 -5.834072039061003e+00
4.140000e+03 394 +5.292185930588202e+01 -3.614425388638303e+01
4.200000e+03 101 +1.318664019089656e+02 -7.229929139418341e+01
4.200000e+03 337 -3.188211121895904e+01 +4.765328339954685e+00
4.200000e+03 394 +4.239717946317223e+01 -3.307749206895573e+01
4.260000e+03 101 +1.113533226573255e+02 -7.416180451929536e+01
4.260000e+03 337 -5.235203715476858e+01 +2.116342186194391e+01
4.260000e+03 394 +3.205243529762467e+01 -2.978028229628667e+01
4.320000e+03 101 +8.969360002486739e+01 -7.352139928385049e+01
4.320000e+03 337 -1.159882383302860e+02 +3.781367201726660e+01
4.320000e+03 394 +2.179377073642399e+01 -2.627081517231452e+01
4.380000e+03 101 +7.281302511961609e+01 -7.071066933623901e+01
4.380000e+03 337 -1.711423999080683e+02 +1.928023365464028e+01
4.380000e+03 394 +1.150055473678844e+01 -2.255676101235228e+01
4.440000e+03 101 +6.197969689048512e+01 -6.658470951793538e+01
4.440000e+03 337 +1.705213315696370e+02 +5.005291689755311e+00
4.440000e+03 394 +1.016165551920089e+00 -1.863149834269211e+01
4.500000e+03 101 +5.567876802329454e+01 -6.180538520985206e+01
4.500000e+03 337 +1.603712476700459e+02 -4.071630035174481e+00
4.500000e+03 394 -9.869480939738773e+00 -1.447136704461410e+01
4.560000e+03 101 +5.245215912586956e+01 -5.675251167288088e+01
4.560000e+03 337 +1.525412019142163e+02 -1.088981083892270e+01
4.560000e+03 394 -2.145073673159010e+01 -1.003452635431813e+01
4.620000e+03 101 +5.142528681565037e+01 -5.165066328846007e+01
4.620000e+03 337 +1.454538237159618e+02 -1.644582028699950e+01
4.620000e+03 394 -3.415824648012046e+01 -5.264764804590038e+00
4.680000e+03 101 +5.214746341764529e+01 -4.666296420171498e+01
4.680000e+03 337 +1.385114384899300e+02 -2.109680766966707e+01
4.680000e+03 394 -4.863902289068817e+01 -1.147325626737789e-01
4.740000e+03 101 +5.441719938421800e+01 -4.194307911314048e+01
4.740000e+03 337 +1.314456185693683e+02 -2.496393447928003e+01
4.740000e+03 394 -6.584032009546040e+01 +5.363002703438814e+00
4.800000e+03 101 +5.815922891672281e+01 -3.766486715072328e+01
4.800000e+03 337 +1.241454687212338e+02 -2.806551418131399e+01
4.800000e+03 394 -8.691142314411611e+01 +1.074956883167892e+01
4.860000e+03 101 +6.331876623384434e+01 -3.403702879599255e+01
4.860000e+03 337 +1.166070516272796e+02 -3.037321453212860e+01
4.860000e+03 394 -1.123281734881167e+02 +1.484341611559668e+01
4.920000e+03 101 +6.974616781258611e+01 -3.129731441086848e+01
4.920000e+03 337 +1.089166674412352e+02 -3.184413339780221e+01
4.920000e+03 394 -1.400811518842492e+02 +1.603340539666981e+01
4.980000e+03 101 +7.708602027806032e+01 -2.967361834891328e+01
4.980000e+03 337 +1.012370273371593e+02 -3.244346972030540e+01
4.980000e+03 394 -1.661350615606556e+02 +1.415411234823650e+01
5.040000e+03 101 +8.474194792311921e+01 -2.931179784780833e+01
5.040000e+03 337 +9.378434262139518e+01 -3.216008400775217e+01
5.040000e+03 394 +1.717833692900118e+02 +1.071588845769376e+01
5.100000e+03 101 +9.198796495026858e+01 -3.020813909974848e+01
5.100000e+03 337 +8.679796476920150e+01 -3.101357061678658e+01
5.100000e+03 394 +1.533461480143902e+02 +7.081266588558052e+00
5.160000e+03 101 +9.817556970189790e+01 -3.220250081471087e+01
5.160000e+03 337 +8.051447571377129e+01 -2.905243567629689e+01
5.160000e+03 394 +1.374211915768424e+02 +3.847037914604314e+00
5.220000e+03 101 +1.028779710813716e+02 -3.503796702251324e+01
5.220000e+03 337 +7.516031469003710e+01 -2.634586837124728e+01
5.220000e+03 394 +1.230479264101068e+02 +1.176054330537645e+00
5.280000e+03 101 +1.058880311403194e+02 -3.843347707664345e+01
5.280000e+03 337 +7.097205250430900e+01 -2.297368566487736e+01
5.280000e+03 394 +1.095699997090926e+02 -9.241935196986109e-01
5.340000e+03 101 +1.071269777172662e+02 -4.212418807488731e+01
5.340000e+03 337 +6.824924265711486e+01 -1.901969331812077e+01
5.340000e+03 394 +9.655223799005701e+01 -2.490112475407673e+00
5.400000e+03 101 +1.065528560824930e+02 -4.586617568217304e+01
5.400000e+03 337 +6.744767344265695e+01 -1.457601841445135e+01
5.400000e+03 394 +8.369341852638209e+01 -3.568065538599100e+00
5.460000e+03 101 +1.041145807167901e+02 -4.942228851973619e+01
5.460000e+03 337 +6.932377912048331e+01 -9.778646329993220e+00
5.460000e+03 394 +7.076556960827884e+01 -4.207409344095635e+00
5.520000e+03 101 +9.976702237478086e+01 -5.254518293317648e+01
5.520000e+03 337 +7.508559726334381e+01 -4.937102838698885e+00
5.520000e+03 394 +5.757438723884002e+01 -4.462592438383112e+00
5.580000e+03 101 +9.355643529743314e+01 -5.497090324638649e+01
5.580000e+03 337 +8.614274493373323e+01 -8.832736869913183e-01
5.580000e+03 394 +4.393455279544647e+01 -4.399189532341557e+00
5.640000e+03 101 +8.576283882828795e+01 -5.643736770035598e+01
5.640000e+03 337 +1.022245774419805e+02 +7.023885832802321e-01
5.640000e+03 394 +2.965895251873438e+01 -4.103018128076324e+00
5.700000e+03 101 +7.700718921721814e+01 -5.673575995155690e+01
5.700000e+03 337 +1.188982629136162e+02 -1.426460963030847e+00
5.700000e+03 394 +1.456705977255515e+01 -3.692129235797931e+00
5.760000e+03 101 +6.816589695216130e+01 -5.577429422452424e+01
5.760000e+03 337 +1.312019646550569e+02 -6.226152240534851e+00
5.760000e+03 394 -1.476807452624924e+00 -3.328801505300707e+00
5.820000e+03 101 +6.007525495345757e+01 -5.360428509194775e+01
5.820000e+03 337 +1.382899432204837e+02 -1.200810869573389e+01
5.820000e+03 394 -1.848745526299142e+01 -3.221546151918862e+00
5.880000e+03 101 +5.326538547392196e+01 -5.038255368815994e+01
5.880000e+03 337 +1.414776419163772e+02 -1.795704317263922e+01
5.880000e+03 394 -3.626424350030132e+01 -3.599155822585477e+00
5.940000e+03 101 +4.792509736267138e+01 -4.630366184161996e+01
5.940000e+03 337 +1.420155037043054e+02 -2.383047430479130e+01
5.940000e+03 394 -5.435031339066810e+01 -4.647150613083160e+00
6.000000e+03 101 +4.403485698299588e+01 -4.154838935633856e+01
6.000000e+03 337 +1.406666989175251e+02 -2.956466874078686e+01
6.000000e+03 394 -7.213144707032728e+01 -6.436509887359856e+00
6.060000e+03 101 +4.151914860753821e+01 -3.626162752790012e+01
6.060000e+03 337 +1.378221664362143e+02 -3.512759768072405e+01
6.060000e+03 394 -8.905025083345488e+01 -8.904635892643174e+00
6.120000e+03 101 +4.035945530184924e+01 -3.054836227069336e+01
6.120000e+03 337 +1.336303219684760e+02 -4.047537575029408e+01
6.120000e+03 394 -1.047804051890443e+02 -1.190505103631035e+01
6.180000e+03 101 +4.069202409516363e+01 -2.447406845976954e+01
6.180000e+03 337 +1.280747448261122e+02 -4.553776640181798e+01
6.180000e+03 394 -1.192533278076174e+02 -1.527561054773421e+01
6.240000e+03 101 +4.296148924253417e+01 -1.806166842214777e+01
6.240000e+03 337 +1.210201489259665e+02 -5.021020772013470e+01
6.240000e+03 394 -1.325788523060749e+02 -1.887857233097134e+01
6.300000e+03 101 +4.828773062273306e+01 -1.128885855138243e+01
6.300000e+03 337 +1.122581407143190e+02 -5.434707133792280e+01
6.300000e+03 394 -1.449511371292226e+02 -2.260983735369470e+01
6.360000e+03 101 +5.945260292469242e+01 -4.170513495163625e+00
6.360000e+03 337 +1.015929087261325e+02 -5.775892664607123e+01
6.360000e+03 394 -1.565857400099925e+02 -2.639420281657811e+01
6.420000e+03 101 +8.267374933389327e+01 +2.320830267469793e+00
6.420000e+03 337 +8.900614084707469e+01 -6.022548530178253e+01
6.420000e+03 394 -1.676895004312708e+02 -3.017827798944048e+01
6.480000e+03 101 +1.198351833792372e+02 +3.017346288254848e+00
6.480000e+03 337 +7.487172097257410e+01 -6.154231502379437e+01
6.480000e+03 394 -1.784507091389804e+02 -3.392441899063103e+01
6.540000e+03 101 +1.495335292398520e+02 -3.625347175469142e+00
6.540000e+03 337 +6.002446543989229e+01 -6.160188900090582e+01
6.540000e+03 394 +1.709612830285471e+02 -3.760529516529737e+01
6.600000e+03 101 +1.652240934039301e+02 -1.143025541725016e+01
6.600000e+03 337 +4.546825869099749e+01 -6.045941468442232e+01
6.600000e+03 394 +1.603933137547577e+02 -4.119831087299708e+01
6.660000e+03 101 +1.739262462859665e+02 -1.877310921519654e+01
6.660000e+03 337 +3.190745345665359e+01 -5.832075936520935e+01
6.660000e+03 394 +1.497055999323615e+02 -4.467997942931835e+01
6.720000e+03 101 +1.795990561148353e+02 -2.573367267141809e+01
6.720000e+03 337 +1.954015229903915e+01 -5.546613566804133e+01
6.720000e+03 394 +1.387703459843841e+02 -4.802123104816835e+01
6.780000e+03 101 -1.760404468520329e+02 -3.243283515481265e+01
6.780000e+03 337 +8.182391260202115e+00 -5.217901153795468e+01
6.780000e+03 394 +1.274726468250391e+02 -5.118493231350442e+01
6.840000e+03 101 -1.721315579526921e+02 -3.891310039052880e+01
6.840000e+03 337 -2.522391048329772e+00 -4.871465999496243e+01
6.840000e+03 394 +1.157143870588798e+02 -5.412650233569933e+01
6.900000e+03 101 -1.681194817759355e+02 -4.516167162911291e+01
6.900000e+03 337 -1.296192744549421e+01 -4.529786741117666e+01
6.900000e+03 394 +1.034215809083546e+02 -5.679770912110781e+01
6.960000e+03 101 -1.635186910013244e+02 -5.112495083967732e+01
6.960000e+03 337 -2.348256947591683e+01 -4.213158565769840e+01
6.960000e+03 394 +9.055482311532852e+01 -5.915291530731736e+01
7.020000e+03 101 -1.577750180844555e+02 -5.670595379440913e+01
7.020000e+03 337 -3.434156221851029e+01 -3.940630754231568e+01
7.020000e+03 394 +7.712097384670008e+01 -6.115649647258577e+01
7.080000e+03 101 -1.501646916706916e+02 -6.174158360415658e+01
7.080000e+03 337 -4.565373969942055e+01 -3.730465691850952e+01
7.080000e+03 394 +6.318211317403443e+01 -6.278997599023455e+01
7.140000e+03 101 -1.397880313790751e+02 -6.595766569542634e+01
7.140000e+03 337 -5.733408526065827e+01 -3.599545776049405e+01
7.140000e+03 394 +4.885629652267839e+01 -6.405754546646946e+01
7.200000e+03 101 -1.259509139795398e+02 -6.892703383153156e+01
7.200000e+03 337 -6.907559865730714e+01 -3.561276466475970e+01
7.200000e+03 394 +3.430565068682980e+01 -6.498890222260961e+01
7.260000e+03 101 -1.093274312231642e+02 -7.014684588924716e+01
7.260000e+03 337 -8.041303173395454e+01 -3.622498890148966e+01
7.260000e+03 394 +1.971211464976719e+01 -6.563863954872980e+01
7.320000e+03 101 -9.278206923921206e+01 -6.936676622077296e+01
7.320000e+03 337 -9.086579445928079e+01 -3.781287280255319e+01
7.320000e+03 394 +5.247759100509954e+00 -6.608191637659984e+01
7.380000e+03 101 -7.938398037303945e+01 -6.685954778482620e+01
7.380000e+03 337 -1.000724896114720e+02 -4.027400243399094e+01
7.380000e+03 394 -8.949900295110037e+00 -6.640697488026788e+01
7.440000e+03 101 -7.011786395927312e+01 -6.319715498959118e+01
7.440000e+03 337 -1.078348778973171e+02 -4.345108092326633e+01
7.440000e+03 394 -2.279024209304036e+01 -6.670601147910951e+01
7.500000e+03 101 -6.446251419125375e+01 -5.890363859901665e+01
7.500000e+03 337 -1.140724316601058e+02 -4.716495175744171e+01
7.500000e+03 394 -3.622931153104369e+01 -6.706636191873507e+01
7.560000e+03 101 -6.163595336023805e+01 -5.435475125299873e+01
7.560000e+03 337 -1.187392424264620e+02 -5.123664366566875e+01
7.560000e+03 394 -4.926237595643230e+01 -6.756364764294979e+01
7.620000e+03 101 -6.106750387042169e+01 -4.981761659041914e+01
7.620000e+03 337 -1.217410760424594e+02 -5.549381358751272e+01
7.620000e+03 394 -6.191574494389643e+01 -6.825769471639057e+01
7.680000e+03 101 -6.242649563687085e+01 -4.550521214764703e+01
7.680000e+03 337 -1.228601989485076e+02 -5.976260309715505e+01
7.680000e+03 394 -7.424242226517136e+01 -6.919112076627221e+01
7.740000e+03 101 -6.553718813817353e+01 -4.161569857544122e+01
7.740000e+03 337 -1.216872660047386e+02 -6.384527154634322e+01
7.740000e+03 394 -8.632404179747314e+01 -7.038979705414822e+01
7.800000e+03 101 -7.026897532067656e+01 -3.835547845429651e+01
7.800000e+03 337 -1.175986773445818e+02 -6.748279553542436e+01
7.800000e+03 394 -9.828123586195943e+01 -7.186405727652250e+01
7.860000e+03 101 -7.641119770741581e+01 -3.594216448176510e+01
7.860000e+03 337 -1.099592134926310e+02 -7.031268310340273e+01
7.860000e+03 394 -1.102974175429577e+02 -7.360951229767895e+01
7.920000e+03 101 -8.355750534908269e+01 -3.457847045372546e+01
7.920000e+03 337 -9.891217544985220e+01 -7.188287957033879e+01
7.920000e+03 394 -1.226695961067954e+02 -7.560637239223227e+01
7.980000e+03 101 -9.107422569896019e+01 -3.439759388878673e+01
7.980000e+03 337 -8.645317077900118e+01 -7.184133212288506e+01
7.980000e+03 394 -1.359232519545524e+02 -7.781552242827840e+01
8.040000e+03 101 -9.821732482208667e+01 -3.540927385080106e+01
8.040000e+03 337 -7.569636086624047e+01 -7.022028309777509e+01
8.040000e+03 394 -1.510963440359812e+02 -8.016610250567179e+01
8.100000e+03 101 -1.043354705276965e+02 -3.749009875527734e+01
8.100000e+03 337 -6.846083895592719e+01 -6.741667858873512e+01
8.100000e+03 394 -1.704916546689071e+02 -8.251528493963693e+01
8.160000e+03 101 -1.089993477576371e+02 -4.042641888794045e+01
8.160000e+03 337 -6.476954535754386e+01 -6.389972790548034e+01
8.160000e+03 394 +1.606822256214741e+02 -8.451031114860734e+01
8.220000e+03 101 -1.119831971271423e+02 -4.397270248554986e+01
8.220000e+03 337 -6.396041020855886e+01 -6.003817505798827e+01
8.220000e+03 394 +1.173205417910996e+02 -8.528905297684963e+01
8.280000e+03 101 -1.131590891162563e+02 -4.788845179344205e+01
8.280000e+03 337 -6.541122113340994e+01 -5.609385085845271e+01
8.280000e+03 394 +7.542962475028314e+01 -8.411336461249273e+01
8.340000e+03 101 -1.123870983656597e+02 -5.194455378158973e+01
8.340000e+03 337 -6.870363706888462e+01 -5.226322129194643e+01
8.340000e+03 394 +4.836258152802642e+01 -8.167468064676308e+01
8.400000e+03 101 -1.094424490916135e+02 -5.590626288111054e+01
8.400000e+03 337 -7.358495304221573e+01 -4.871393801157767e+01
8.400000e+03 394 +3.018476346771410e+01 -7.871501360958317e+01
8.460000e+03 101 -1.040070974216458e+02 -5.950234136580573e+01
8.460000e+03 337 -7.989213486765276e+01 -4.560804978829955e+01
8.460000e+03 394 +1.609360794845477e+01 -7.553067813504808e+01
8.520000e+03 101 -9.579400187754199e+01 -6.239467885873625e+01
8.520000e+03 337 -8.747720871994589e+01 -4.311112491418377e+01
8.520000e+03 394 +3.994593003298943e+00 -7.224414094387164e+01
8.580000e+03 101 -8.490655535198162e+01 -6.418400240685826e+01
8.580000e+03 337 -9.614457222215562e+01 -4.138500220157016e+01
8.580000e+03 394 -7.066843917067422e+00 -6.892407673435601e+01
8.640000e+03 101 -7.231262715805163e+01 -6.450850888768032e+01
8.640000e+03 337 -1.056169204377814e+02 -4.056371824999827e+01
8.640000e+03 394 -1.758177219394091e+01 -6.562259517331339e+01
8.700000e+03 101 -5.975942362409836e+01 -6.322090738249252e+01
8.700000e+03 337 -1.155510023284916e+02 -4.072089809516299e+01
8.700000e+03 394 -2.783434768491779e+01 -6.238696063796591e+01
8.760000e+03 101 -4.880306525477041e+01 -6.046805309167219e+01
8.760000e+03 337 -1.256050626051133e+02 -4.184660350165002e+01
8.760000e+03 394 -3.800659909823199e+01 -5.926229102391392e+01
8.820000e+03 101 -4.005803092034696e+01 -5.656843234046040e+01
8.820000e+03 337 -1.355247683344968e+02 -4.384915143713998e+01
8.820000e+03 394 -4.822484583423924e+01 -5.629063932905419e+01
8.880000e+03 101 -3.337730417229514e+01 -5.184101036692746e+01
8.880000e+03 337 -1.452029140141759e+02 -4.658024189035864e+01
8.880000e+03 394 -5.858131045905241e+01 -5.350890652331548e+01
8.940000e+03 101 -2.833490533902881e+01 -4.652304612431166e+01
8.940000e+03 337 -1.546963208451195e+02 -4.986654651951991e+01
8.940000e+03 394 -6.914407973614561e+01 -5.094699466781657e+01
9.000000e+03 101 -2.450500649798602e+01 -4.076148812962634e+01
9.000000e+03 337 -1.642182713859851e+02 -5.353105702040506e+01
9.000000e+03 394 -7.996108077089177e+01 -4.862693268633126e+01
9.060000e+03 101 -2.154253749213771e+01 -3.462636329967886e+01
9.060000e+03 337 -1.741352477495955e+02 -5.739676455187523e+01
9.060000e+03 394 -9.106086648852413e+01 -4.656301979974061e+01
9.120000e+03 101 -1.917672878439401e+01 -2.811776313422780e+01
9.120000e+03 337 +1.750159199246015e+02 -6.127192567675271e+01
9.120000e+03 394 -1.024519859894628e+02 -4.476239108371040e+01
9.180000e+03 101 -1.717287671540549e+01 -2.114788709867185e+01
9.180000e+03 337 +1.625068597325770e+02 -6.491750665353325e+01
9.180000e+03 394 -1.141224487453837e+02 -4.322509501816036e+01
9.240000e+03 101 -1.525956842928580e+01 -1.345497633010491e+01
9.240000e+03 337 +1.474956812143015e+02 -6.800094986808548e+01
9.240000e+03 394 -1.260406373378360e+02 -4.194303438676847e+01
9.300000e+03 101 -1.291729723614136e+01 -4.261253382365755e+00
9.300000e+03 337 +1.294870088148672e+02 -7.006813476784529e+01
9.300000e+03 394 -1.381585435458203e+02 -4.089789095701322e+01
9.360000e+03 101 -8.223435634254770e+00 +9.583827974901773e+00
9.360000e+03 337 +1.093492667285438e+02 -7.063509573826710e+01
9.360000e+03 394 -1.504172803388034e+02 -4.005897550473798e+01
9.420000e+03 101 +2.610873399134464e+01 +5.101449669516170e+01
9.420000e+03 337 +8.966022080064570e+01 -6.946474243753482e+01
9.420000e+03 394 -1.627537738286240e+02 -3.938226838482963e+01
9.480000e+03 101 +1.476831417339342e+02 +2.105535320042025e+01
9.480000e+03 337 +7.284797885803388e+01 -6.674353650313421e+01
9.480000e+03 394 -1.751069264820966e+02 -3.881152652722914e+01
9.540000e+03 101 +1.553389486255655e+02 +1.585551677069637e+00
9.540000e+03 337 +5.957567319028304e+01 -6.288541651469404e+01
9.540000e+03 394 +1.725782612581129e+02 -3.828150981583071e+01
9.600000e+03 101 +1.570019185602960e+02 -8.825230984509517e+00
9.600000e+03 337 +4.930792097315469e+01 -5.826694983053230e+01
9.600000e+03 394 +1.603492384025714e+02 -3.772264250339674e+01
9.660000e+03 101 +1.571114359801089e+02 -1.696329115510296e+01
9.660000e+03 337 +4.127988363863152e+01 -5.314249082291764e+01
9.660000e+03 394 +1.482466744738816e+02 -3.706612466914958e+01
9.720000e+03 101 +1.563678951410080e+02 -2.415519483185125e+01
9.720000e+03 337 +3.488326063189648e+01 -4.766423205022229e+01
9.720000e+03 394 +1.363062638125521e+02 -3.624863644582902e+01
9.780000e+03 101 +1.549142169286025e+02 -3.080569315697170e+01
9.780000e+03 337 +2.971364194980414e+01 -4.191673070976620e+01
9.780000e+03 394 +1.245602100959230e+02 -3.521609001208307e+01
9.840000e+03 101 +1.527121704618373e+02 -3.705265523577665e+01
9.840000e+03 337 +2.553621103458753e+01 -3.594003563532347e+01
9.840000e+03 394 +1.130374166744286e+02 -3.392614630877010e+01
9.900000e+03 101 +1.496184168601266e+02 -4.291938976147342e+01
9.900000e+03 337 +2.225941640748450e+01 -2.973975332468984e+01
9.900000e+03 394 +1.017620890206096e+02 -3.234934220417233e+01
9.960000e+03 101 +1.453994756267140e+02 -4.835554278071363e+01
9.960000e+03 337 +1.994353748597457e+01 -2.328444251766383e+01
9.960000e+03 394 +9.075111568724266e+01 -3.046871894186554e+01
1.002000e+04 101 +1.397423655481016e+02 -5.324296622183664e+01
1.002000e+04 337 +1.887258612997024e+01 -1.648636290672068e+01
1.002000e+04 394 +8.001094822543976e+01 -2.827788285083219e+01
1.008000e+04 101 +1.323090974841815e+02 -5.738997139397215e+01
1.008000e+04 337 +1.977146182797333e+01 -9.154690595939661e+00
1.008000e+04 394 +6.953461526482714e+01 -2.577748939184901e+01
1.014000e+04 101 +1.229092382140994e+02 -6.053417545634567e+01
1.014000e+04 337 +2.442790492300416e+01 -9.231839801912420e-01
1.014000e+04 394 +5.929903532741083e+01 -2.297017381658960e+01
1.020000e+04 101 +1.118311791698467e+02 -6.238801131906125e+01
1.020000e+04 337 +3.737438870019076e+01 +8.505417237823087e+00
1.020000e+04 394 +4.926207694651063e+01 -1.985384810296982e+01
1.026000e+04 101 +1.001103818212825e+02 -6.275398520976429e+01
1.026000e+04 337 +6.619812158519200e+01 +1.587651986646104e+01
1.026000e+04 394 +3.935787401886847e+01 -1.641285073224947e+01
1.032000e+04 101 +8.923978606775074e+01 -6.165229890691742e+01
1.032000e+04 337 +9.961183718057613e+01 +1.211756891895205e+01
1.032000e+04 394 +2.948735681322169e+01 -1.260525224229166e+01
1.038000e+04 101 +8.039653209682434e+01 -5.932893852284668e+01
1.038000e+04 337 +1.167580969806314e+02 +3.234650492523369e+00
1.038000e+04 394 +1.949742016104771e+01 -8.341624879336456e+00
1.044000e+04 101 +7.403179473835716e+01 -5.613483692526481e+01
1.044000e+04 337 +1.226977461890127e+02 -4.476979898513156e+00
1.044000e+04 394 +9.132145287830957e+00 -3.442843977153862e+00
1.050000e+04 101 +7.007684916311925e+01 -5.240915701211630e+01
1.050000e+04 337 +1.234405365878472e+02 -1.077513323083962e+01
1.050000e+04 394 -2.093464671629263e+00 +2.456791069913835e+00
1.056000e+04 101 +6.828966248766474e+01 -4.843857055587735e+01
1.056000e+04 337 +1.214609416733632e+02 -1.604078536209380e+01
1.056000e+04 394 -1.527658784624428e+01 +1.015469898576987e+01
1.062000e+04 101 +6.844878737880921e+01 -4.446835252358785e+01
1.062000e+04 337 +1.177849538102409e+02 -2.047716169804973e+01
1.062000e+04 394 -3.358791055421200e+01 +2.145812843863560e+01
1.068000e+04 101 +7.040191237534654e+01 -4.072832545653223e+01
1.068000e+04 337 +1.128986492448202e+02 -2.415320451280318e+01
1.068000e+04 394 -6.902756614545629e+01 +3.826944336464331e+01
1.074000e+04 101 +7.403304986594229e+01 -3.745420971644896e+01
1.074000e+04 337 +1.070834075016478e+02 -2.706515178273976e+01
1.074000e+04 394 -1.368908323533125e+02 +4.103277394343494e+01
1.080000e+04 101 +7.918298136311950e+01 -3.489357888025584e+01
1.080000e+04 337 +1.005548213554143e+02 -2.917452758305857e+01
1.080000e+04 394 -1.782515746381034e+02 +2.412121811437273e+01
1.086000e+04 101 +8.554990473030685e+01 -3.328623749168655e+01
1.086000e+04 337 +9.352441637035643e+01 -3.043402630672312e+01
1.086000e+04 394 +1.614856926018523e+02 +1.212932720762922e+01
1.092000e+04 101 +9.262613110123218e+01 -3.281557364677841e+01
1.092000e+04 337 +8.622048494677001e+01 -3.080681374110006e+01
1.092000e+04 394 +1.472877985189018e+02 +4.351902131896211e+00
1.098000e+04 101 +9.974430034637324e+01 -3.355128541841041e+01
1.098000e+04 337 +7.888179911600538e+01 -3.027923719550883e+01
1.098000e+04 394 +1.352234720531855e+02 -1.263080595849504e+00
1.104000e+04 101 +1.062368307517385e+02 -3.542577298875476e+01
1.104000e+04 337 +7.173651713211650e+01 -2.886516524715679e+01
1.104000e+04 394 +1.240047247483782e+02 -5.635267445331389e+00
1.110000e+04 101 +1.115959702544606e+02 -3.826574107214019e+01
1.110000e+04 337 +6.498143770572072e+01 -2.660131375131981e+01
1.110000e+04 394 +1.130901885299429e+02 -9.184550285935810e+00
1.116000e+04 101 +1.155202478238103e+02 -4.185152602525304e+01
1.116000e+04 337 +5.877512953992092e+01 -2.353468834209729e+01
1.116000e+04 394 +1.022102124892677e+02 -1.212313298717472e+01
1.122000e+04 101 +1.178478775887138e+02 -4.596239872229852e+01
1.122000e+04 337 +5.325325619542527e+01 -1.970277677082015e+01
1.122000e+04 394 +9.121507165103927e+01 -1.457040177429039e+01
1.128000e+04 101 +1.184467478185895e+02 -5.039169514098709e+01
1.128000e+04 337 +4.857508135739144e+01 -1.510149000941089e+01
1.128000e+04 394 +8.001623079008957e+01 -1.660171121260210e+01
1.134000e+04 101 +1.171095806310720e+02 -5.493755248929865e+01
1.134000e+04 337 +4.503556755168525e+01 -9.617606933324311e+00
1.134000e+04 394 +6.855956058168567e+01 -1.827152427054752e+01
1.140000e+04 101 +1.134675237444458e+02 -5.937717189415691e+01
1.140000e+04 337 +4.340275840989625e+01 -2.832590518841864e+00
1.140000e+04 394 +5.681115802592265e+01 -1.962583973485000e+01
1.146000e+04 101 +1.069468870140619e+02 -6.342691116362142e+01
1.146000e+04 337 +4.642200714026051e+01 +6.760303658460841e+00
1.146000e+04 394 +4.474917649767765e+01 -2.070968155348863e+01
1.152000e+04 101 +9.689819730342845e+01 -6.669463480863327e+01
1.152000e+04 337 +7.084189338456444e+01 +2.496631853198158e+01
1.152000e+04 394 +3.235973420069188e+01 -2.157195220388303e+01
1.158000e+04 101 +8.320711617520911e+01 -6.867200842846759e+01
1.158000e+04 337 +1.534827370117685e+02 +2.153267565144838e+01
1.158000e+04 394 +1.963681411156463e+01 -2.226859562293580e+01
1.164000e+04 101 +6.733842004054334e+01 -6.888763693639569e+01
1.164000e+04 337 +1.750684671372362e+02 +2.971689120846253e+00
1.164000e+04 394 +6.586468164262003e+00 -2.286439505580521e+01
1.170000e+04 101 +5.215393204828609e+01 -6.721715933940293e+01
1.170000e+04 337 +1.783844166044292e+02 -7.115870471301587e+00
1.170000e+04 394 -6.765142096890886e+00 -2.343324566002698e+01
1.176000e+04 101 +3.974729161291982e+01 -6.396562306301461e+01
1.176000e+04 337 +1.778234921054837e+02 -1.483581532515983e+01
1.176000e+04 394 -2.036217451851643e+01 -2.405626055715587e+01
1.182000e+04 101 +3.040543606912966e+01 -5.959011366129305e+01
1.182000e+04 337 +1.758468937798439e+02 -2.170258447510973e+01
1.182000e+04 394 -3.411253683040915e+01 -2.481689394998848e+01
1.188000e+04 101 +2.347886449778338e+01 -5.446314005656147e+01
1.188000e+04 337 +1.731363823579148e+02 -2.819013905493234e+01
1.188000e+04 394 -4.788980361397426e+01 -2.579291532386617e+01
1.194000e+04 101 +1.821036272109141e+01 -4.882854628261271e+01
1.194000e+04 337 +1.699074298256399e+02 -3.448062342222222e+01
1.194000e+04 394 -6.154681744181794e+01 -2.704666695883562e+01
1.200000e+04 101 +1.398784871154169e+01 -4.283451106794936e+01
1.200000e+04 337 +1.661947130345847e+02 -4.064634939138966e+01
1.200000e+04 394 -7.493860046993417e+01 -2.861668973981388e+01
1.206000e+04 101 +1.033143917561652e+01 -3.656611402828536e+01
1.206000e+04 337 +1.619266094395276e+02 -4.670693129942651e+01
1.206000e+04 394 -8.794678029492728e+01 -3.051399452102399e+01
1.212000e+04 101 +6.807570728881907e+00 -3.006049323511352e+01
1.212000e+04 337 +1.569297601730918e+02 -5.265005349633429e+01
1.212000e+04 394 -1.004968922407993e+02 -3.272440007786130e+01
1.218000e+04 101 +2.898779552013971e+00 -2.330334495000962e+01
1.218000e+04 337 +1.508871827075310e+02 -5.843702215142763e+01
1.218000e+04 394 -1.125643054180292e+02 -3.521566831476909e+01
1.224000e+04 101 -2.254329572534035e+00 -1.620019323472269e+01
1.224000e+04 337 +1.432318752852129e+02 -6.399537728974572e+01
1.224000e+04 394 -1.241702843510211e+02 -3.794645830325427e+01
1.230000e+04 101 -1.056780905303781e+01 -8.502224329882862e+00
1.230000e+04 337 +1.329208985957081e+02 -6.918926757171306e+01
1.230000e+04 394 -1.353728780310803e+02 -4.087409258260842e+01
1.236000e+04 101 -2.741581142701750e+01 +2.040626606942077e-01
1.236000e+04 337 +1.180398186050891e+02 -7.374073413602619e+01
1.236000e+04 394 -1.462572144273825e+02 -4.395922069103361e+01
1.242000e+04 101 -6.530794118608932e+01 +7.563874083844807e+00
1.242000e+04 337 +9.577530687426378e+01 -7.706628006345785e+01
1.242000e+04 394 -1.569280389475145e+02 -4.716684067514316e+01
1.248000e+04 101 -1.092577191301174e+02 +3.242637029383806e+00
1.248000e+04 337 +6.603492943546415e+01 -7.822885742786303e+01
1.248000e+04 394 -1.675056512814196e+02 -5.046430098258664e+01
1.254000e+04 101 -1.298856330664802e+02 -5.485247390068007e+00
1.254000e+04 337 +3.721243786848760e+01 -7.680455457477467e+01
1.254000e+04 394 -1.781254285464396e+02 -5.381762824490307e+01
1.260000e+04 101 -1.383891486094421e+02 -1.331460440820702e+01
1.260000e+04 337 +1.597573818686047e+01 -7.361238146801460e+01
1.260000e+04 394 +1.710592175477892e+02 -5.718769326242757e+01
1.266000e+04 101 -1.420045401721684e+02 -2.040486912227620e+01
1.266000e+04 337 +9.403786482504841e-01 -6.964065935670826e+01
1.266000e+04 394 +1.598706674373623e+02 -6.052734920906439e+01
1.272000e+04 101 -1.431203959861734e+02 -2.700869800966827e+01
1.272000e+04 337 -1.063826149856795e+01 -6.546225856057954e+01
1.272000e+04 394 +1.480981625657748e+02 -6.377994953389197e+01
1.278000e+04 101 -1.425833197520505e+02 -3.320693752448424e+01
1.278000e+04 337 -2.048215200095404e+01 -6.138758723994265e+01
1.278000e+04 394 +1.354877750622790e+02 -6.687889467724787e+01
1.284000e+04 101 -1.406785519418968e+02 -3.898625905367188e+01
1.284000e+04 337 -2.953919582600504e+01 -5.761508253500923e+01
1.284000e+04 394 +1.217368351615274e+02 -6.974741352444369e+01
1.290000e+04 101 -1.374384668178059e+02 -4.427602824684826e+01
1.290000e+04 337 -3.833309562386496e+01 -5.429618554515788e+01
1.290000e+04 394 +1.065082658438887e+02 -7.229812966629861e+01
1.296000e+04 101 -1.327705325345869e+02 -4.895920743312010e+01
1.296000e+04 337 -4.713927328105892e+01 -5.155948061344888e+01
1.296000e+04 394 +8.949851189174375e+01 -7.443393833002237e+01
1.302000e+04 101 -1.265573211739525e+02 -5.287367430746027e+01
1.302000e+04 337 -5.605763100170416e+01 -4.951698117972183e+01
1.302000e+04 394 +7.060394634555652e+01 -7.605605368450969e+01
1.308000e+04 101 -1.187984181031123e+02 -5.581963331955853e+01
1.308000e+04 337 -6.504238468821640e+01 -4.826043523768467e+01
1.308000e+04 394 +5.016638818855341e+01 -7.708862443269032e+01
1.314000e+04 101 -1.098016937707348e+02 -5.759333071231613e+01
1.314000e+04 337 -7.392650273315436e+01 -4.785107624332912e+01
1.314000e+04 394 +2.907858070037701e+01 -7.751951858177205e+01
1.320000e+04 101 -1.003037063602907e+02 -5.805764360799177e+01
1.320000e+04 337 -8.246049019435335e+01 -4.830740941365406e+01
1.320000e+04 394 +8.467406922874954e+00 -7.742866060252273e+01
1.326000e+04 101 -9.131900370331304e+01 -5.721826564074585e+01
1.326000e+04 337 -9.036391740589733e+01 -4.959765691936355e+01
1.326000e+04 394 -1.085575530756311e+01 -7.697014515296050e+01
1.332000e+04 101 -8.375193397835460e+01 -5.524120524595863e+01
1.332000e+04 337 -9.736976740197449e+01 -5.164179558842674e+01
1.332000e+04 394 -2.863840727979808e+01 -7.632118794255834e+01
1.338000e+04 101 -7.812042208192544e+01 -5.239489005783928e+01
1.338000e+04 337 -1.032396590428757e+02 -5.432228184580577e+01
1.338000e+04 394 -4.503616456017807e+01 -7.563982767067654e+01
1.344000e+04 101 -7.458333180644196e+01 -4.897338425478519e+01
1.344000e+04 337 -1.077407751667907e+02 -5.749706330348184e+01
1.344000e+04 394 -6.037400085370115e+01 -7.504780306035319e+01
1.350000e+04 101 -7.311968308360393e+01 -4.525288514832808e+01
1.350000e+04 337 -1.105866572668234e+02 -6.100685460881422e+01
1.350000e+04 394 -7.500292887998093e+01 -7.462948277867581e+01
1.356000e+04 101 -7.367536177014023e+01 -4.148681576955873e+01
1.356000e+04 337 -1.113448483897203e+02 -6.466946351595595e+01
1.356000e+04 394 -8.925201405467362e+01 -7.443576018191632e+01
1.362000e+04 101 -7.621995657906217e+01 -3.792257642856743e+01
1.362000e+04 337 -1.093197324740990e+02 -6.825370886931722e+01
1.362000e+04 394 -1.034300258885706e+02 -7.448757989149794e+01
1.368000e+04 101 -8.071877214071517e+01 -3.482294690228388e+01
1.368000e+04 337 -1.034968810010837e+02 -7.142548116478844e+01
1.368000e+04 394 -1.178454180809101e+02 -7.477731767667439e+01
1.374000e+04 101 -8.703110699653166e+01 -3.247490799558958e+01
1.374000e+04 337 -9.296301047981673e+01 -7.368286217455096e+01
1.374000e+04 394 -1.328279377475777e+02 -7.526742580069966e+01
1.380000e+04 101 -9.477150813592343e+01 -3.116441831000894e+01
1.380000e+04 337 -7.854417521214825e+01 -7.441386729571676e+01
1.380000e+04 394 -1.487367613585526e+02 -7.588629416035818e+01
1.386000e+04 101 -1.032446251020232e+02 -3.110628604948741e+01
1.386000e+04 337 -6.408105865944165e+01 -7.327827804048295e+01
1.386000e+04 394 -1.659277034902279e+02 -7.652256912169688e+01
1.392000e+04 101 -1.115821721775436e+02 -3.236350150222192e+01
1.392000e+04 337 -5.333300521983039e+01 -7.052747374658256e+01
1.392000e+04 394 +1.753668004945940e+02 -7.702282164954298e+01
1.398000e+04 101 -1.190297358141852e+02 -3.482663227996554e+01
1.398000e+04 337 -4.702820989621677e+01 -6.670306619213352e+01
1.398000e+04 394 +1.552692456732337e+02 -7.720404983404434e+01
1.404000e+04 101 -1.251434312241234e+02 -3.827488880793256e+01
1.404000e+04 337 -4.423894473854259e+01 -6.225663190651002e+01
1.404000e+04 394 +1.344662281762202e+02 -7.689402331777133e+01
1.410000e+04 101 -1.297710908648151e+02 -4.246208692851862e+01
1.410000e+04 337 -4.398375465909631e+01 -5.747817906839906e+01
1.410000e+04 394 +1.140686210501655e+02 -7.598953492245882e+01
1.416000e+04 101 -1.329110138212038e+02 -4.717158406299652e+01
1.416000e+04 337 -4.563054656238030e+01 -5.254891286960722e+01
1.416000e+04 394 +9.507082492518676e+01 -7.448719586158155e+01
1.422000e+04 101 -1.345669925628117e+02 -5.223178837930181e+01
1.422000e+04 337 -4.885496811022718e+01 -4.759298464339930e+01
1.422000e+04 394 +7.792935703628135e+01 -7.245903978736960e+01
1.428000e+04 101 -1.346276294423342e+02 -5.750661367184763e+01
1.428000e+04 337 -5.354923169881640e+01 -4.271342818531878e+01
1.428000e+04 394 +6.259788454221277e+01 -7.000416473393953e+01
1.434000e+04 101 -1.327260880240225e+02 -6.287040150394868e+01
1.434000e+04 337 -5.975397872489135e+01 -3.802076316180514e+01
1.434000e+04 394 +4.878098693689022e+01 -6.721625081197986e+01
1.440000e+04 101 -1.279805718788266e+02 -6.816201966218334e+01
1.440000e+04 337 -6.760006596396057e+01 -3.366040496774644e+01
1.440000e+04 394 +3.613063592447766e+01 -6.417394941425108e+01
