0.000000e+00 101 +9.789022181090719e+03 -9.318333883482126e+00
0.000000e+00 337 +6.407520597755637e+03 +1.309631938867659e+01
0.000000e+00 394 +1.906969417985731e+03 +6.012456293081013e-01
6.000000e+01 101 +9.171738149529658e+03 -1.120662954913912e+01
6.000000e+01 337 +7.192469911156971e+03 +1.294586670688818e+01
6.000000e+01 394 +2.053340549187121e+03 +4.236824406281200e+00
1.200000e+02 101 +8.451651816338881e+03 -1.272212101159519e+01
1.200000e+02 337 +7.948380742701681e+03 +1.216066520869009e+01
1.200000e+02 394 +2.400377327490677e+03 +7.158749499016804e+00
1.800000e+02 101 +7.655803490323608e+03 -1.369911666588380e+01
1.800000e+02 337 +8.642328004224733e+03 +1.090299187137506e+01
1.800000e+02 394 +2.891566429828521e+03 +9.056445779977393e+00
2.400000e+02 101 +6.823303446814758e+03 -1.389483615339011e+01
2.400000e+02 337 +9.249682895666265e+03 +9.291775188352020e+00
2.400000e+02 394 +3.471141819126108e+03 +1.015290982604762e+01
3.000000e+02 101 +6.011178545925461e+03 -1.294776122342532e+01
3.000000e+02 337 +9.752207720534610e+03 +7.423465121554751e+00
3.000000e+02 394 +4.099060800840319e+03 +1.070346153236490e+01
3.600000e+02 101 +5.302248131767209e+03 -1.036727991561113e+01
3.600000e+02 337 +1.013701984569807e+04 +5.380816354359260e+00
3.600000e+02 394 +4.748105039410011e+03 +1.087930148792037e+01
4.200000e+02 101 +4.808412754804970e+03 -5.746685037188115e+00
4.200000e+02 337 +1.039584066526316e+04 +3.234487840031099e+00
4.200000e+02 394 +5.399249452527602e+03 +1.078754599836817e+01
4.800000e+02 101 +4.647129265667243e+03 +5.478702129001564e-01
4.800000e+02 337 +1.052425379325837e+04 +1.042539777739105e+00
4.800000e+02 394 +6.038652545918526e+03 +1.049710798381159e+01
5.400000e+02 101 +4.876088615573605e+03 +6.938500735992580e+00
5.400000e+02 337 +1.052097487981117e+04 -1.148145064050608e+00
5.400000e+02 394 +6.655834147455002e+03 +1.005270074665084e+01
6.000000e+02 101 +5.448810003186371e+03 +1.183116564883957e+01
6.000000e+02 337 +1.038732099322672e+04 -3.296505897635505e+00
6.000000e+02 394 +7.242463154234688e+03 +9.482257528342462e+00
6.600000e+02 101 +6.257088441537048e+03 +1.481164077720865e+01
6.600000e+02 337 +1.012711163761756e+04 -5.358568311614193e+00
6.600000e+02 394 +7.791531093992258e+03 +8.802980885274780e+00
7.200000e+02 101 +7.194836617673058e+03 +1.622424487025774e+01
7.200000e+02 337 +9.747134405104513e+03 -7.277863866423958e+00
7.200000e+02 394 +8.296905320342763e+03 +8.028020615413032e+00
7.800000e+02 101 +8.181406663847561e+03 +1.650270763514312e+01
7.800000e+02 337 +9.258140201233666e+03 -8.977698926079436e+00
7.800000e+02 394 +8.753288867197454e+03 +7.173078449254755e+00
8.400000e+02 101 +9.158899047819816e+03 +1.596457350606159e+01
8.400000e+02 337 +8.676221809201732e+03 -1.035597462186367e+01
8.400000e+02 394 +9.156526172760476e+03 +6.260995874489157e+00
9.000000e+02 101 +1.008514709393293e+04 +1.482404247392543e+01
9.000000e+02 337 +8.024478063374981e+03 -1.128023236383020e+01
9.000000e+02 394 +9.504081808433306e+03 +5.322779001769446e+00
9.600000e+02 101 +1.092880598747081e+04 +1.323343771731820e+01
9.600000e+02 337 +7.335068877050276e+03 -1.157900771648221e+01
9.600000e+02 394 +9.795467385388978e+03 +4.394971746960088e+00
1.020000e+03 101 +1.166648599334168e+04 +1.130829134958632e+01
1.020000e+03 337 +6.651917642895102e+03 -1.102994067085213e+01
1.020000e+03 394 +1.003243431161142e+04 +3.514811971240166e+00
1.080000e+03 101 +1.228090659809343e+04 +9.137690528051229e+00
1.080000e+03 337 +6.033809563071744e+03 -9.364802763909642e+00
1.080000e+03 394 +1.021886411007765e+04 +2.715366176054793e+00
1.140000e+03 101 +1.275945422827048e+04 +6.788787587892728e+00
1.140000e+03 337 +5.555192133298970e+03 -6.356386739325928e+00
1.140000e+03 394 +1.036041553499509e+04 +2.022522740052779e+00
1.200000e+03 101 +1.309301030693771e+04 +4.312060507681270e+00
1.200000e+03 337 +5.297017866873830e+03 -2.070508924696175e+00
1.200000e+03 394 +1.046406862254382e+04 +1.454563021749077e+00
1.260000e+03 101 +1.327518786718095e+04 +1.749725463825319e+00
1.260000e+03 337 +5.319811105747285e+03 +2.853836489431516e+00
1.260000e+03 394 +1.053770671233916e+04 +1.023646836806410e+00
1.320000e+03 101 +1.330214259861650e+04 -8.539594112775516e-01
1.320000e+03 337 +5.631596568844941e+03 +7.395407946937279e+00
1.320000e+03 394 +1.058980715225358e+04 +7.376657674621663e-01
1.380000e+03 101 +1.317298249739992e+04 -3.443592314850750e+00
1.380000e+03 337 +6.184204668683377e+03 +1.080573926197823e+01
1.380000e+03 394 +1.062921525393684e+04 +6.009707349571037e-01
1.440000e+03 101 +1.289061518282754e+04 -5.947474174493499e+00
1.440000e+03 337 +6.901857880257314e+03 +1.290598635085463e+01
1.440000e+03 394 +1.066490985610273e+04 +6.133603747178646e-01
1.500000e+03 101 +1.246275707084836e+04 -8.277341345491466e+00
1.500000e+03 337 +7.710008350610735e+03 +1.386253024083990e+01
1.500000e+03 394 +1.070566674724211e+04 +7.678592021294361e-01
1.560000e+03 101 +1.190283596226466e+04 -1.033184799220282e+01
1.560000e+03 337 +8.547506129496252e+03 +1.392514780724890e+01
1.560000e+03 394 +1.075958385869633e+04 +1.048570973142796e+00
1.620000e+03 101 +1.123063493869651e+04 -1.200119928710452e+01
1.620000e+03 337 +9.367676832089957e+03 +1.331880248752970e+01
1.620000e+03 394 +1.083351326051440e+04 +1.429890655621346e+00
1.680000e+03 101 +1.047270235297684e+04 -1.316980107325283e+01
1.680000e+03 337 +1.013604700776862e+04 +1.222545887241629e+01
1.680000e+03 394 +1.093250352019989e+04 +1.877651545573839e+00
1.740000e+03 101 +9.662729578234994e+03 -1.371440083915256e+01
1.740000e+03 337 +1.082790925484764e+04 +1.078996430630584e+01
1.740000e+03 394 +1.105936104400594e+04 +2.351803971772399e+00
1.800000e+03 101 +8.842181734107649e+03 -1.349799653598064e+01
1.800000e+03 337 +1.142629572060850e+04 +9.126202162179208e+00
1.800000e+03 394 +1.121439239075769e+04 +2.809579479014032e+00
1.860000e+03 101 +8.061250894655801e+03 -1.236759625487891e+01
1.860000e+03 337 +1.192023261054583e+04 +7.320595028711181e+00
1.860000e+03 394 +1.139532666411679e+04 +3.208233867803764e+00
1.920000e+03 101 +7.379273042433945e+03 -1.018014746428808e+01
1.920000e+03 337 +1.230319901922073e+04 +5.436023532828921e+00
1.920000e+03 394 +1.159738553404479e+04 +3.507297422474302e+00
1.980000e+03 101 +6.861724783816424e+03 -6.897417356780458e+00
1.980000e+03 337 +1.257191192534069e+04 +3.519093848802792e+00
1.980000e+03 394 +1.181349176673802e+04 +3.671108345365275e+00
2.040000e+03 101 +6.569048936624557e+03 -2.755210301534386e+00
2.040000e+03 337 +1.272566389001818e+04 +1.611077256460089e+00
2.040000e+03 394 +1.203466037743423e+04 +3.672446583945749e+00
2.100000e+03 101 +6.536286999650066e+03 +1.639725035196373e+00
2.100000e+03 337 +1.276636546483236e+04 -2.401937978008372e-01
2.100000e+03 394 +1.225063991933824e+04 +3.497088966248856e+00
2.160000e+03 101 +6.755210925278580e+03 +5.513104704251528e+00
2.160000e+03 337 +1.269922223359992e+04 -1.971792959038067e+00
2.160000e+03 394 +1.245081892103192e+04 +3.147745037786606e+00
2.220000e+03 101 +7.176135302287775e+03 +8.314876269883674e+00
2.220000e+03 337 +1.253373057221300e+04 -3.503990638164508e+00
2.220000e+03 394 +1.262529473170122e+04 +2.645184693322910e+00
2.280000e+03 101 +7.728305828944534e+03 +9.891412071484847e+00
2.280000e+03 337 +1.228454581358208e+04 -4.746062606951333e+00
2.280000e+03 394 +1.276588435587364e+04 +2.025049916934954e+00
2.340000e+03 101 +8.340978855817655e+03 +1.036445941459645e+01
2.340000e+03 337 +1.197182689691089e+04 -5.607376419299010e+00
2.340000e+03 394 +1.286681548922779e+04 +1.330597339664006e+00
2.400000e+03 101 +8.954335694903180e+03 +9.951697023901255e+00
2.400000e+03 337 +1.162084828389202e+04 -6.010131803780393e+00
2.400000e+03 394 +1.292491139702584e+04 +6.035926095273287e-01
2.460000e+03 101 +9.521689555886564e+03 +8.862719323291628e+00
2.460000e+03 337 +1.126087124446152e+04 -5.901040692446326e+00
2.460000e+03 394 +1.293925921462682e+04 -1.231987484952190e-01
2.520000e+03 101 +1.000769464380740e+04 +7.263870423596617e+00
2.520000e+03 337 +1.092335808872248e+04 -5.261731579229855e+00
2.520000e+03 394 +1.291055815472079e+04 -8.287638507164249e-01
2.580000e+03 101 +1.038563267940947e+04 +5.277960446362056e+00
2.580000e+03 337 +1.063956086797825e+04 -4.119449197338981e+00
2.580000e+03 394 +1.284048151663937e+04 -1.500673732635816e+00
2.640000e+03 101 +1.063518291385280e+04 +2.998316962589792e+00
2.640000e+03 337 +1.043745495053465e+04 -2.557719342928364e+00
2.640000e+03 394 +1.273136903022726e+04 -2.127775739371160e+00
2.700000e+03 101 +1.074117951551399e+04 +5.061889226081244e-01
2.700000e+03 337 +1.033817482457794e+04 -7.206734238942398e-01
2.700000e+03 394 +1.258638327791554e+04 -2.692793627154404e+00
2.760000e+03 101 +1.069331902896448e+04 -2.116042499359516e+00
2.760000e+03 337 +1.035264694437321e+04 +1.199485776600886e+00
2.760000e+03 394 +1.241000539921537e+04 -3.168984781569435e+00
2.820000e+03 101 +1.048641054909923e+04 -4.780408444178903e+00
2.820000e+03 337 +1.047962232868075e+04 +2.996116844676972e+00
2.820000e+03 394 +1.220855207218148e+04 -3.522853183713058e+00
2.880000e+03 101 +1.012061571599869e+04 -7.397755141818417e+00
2.880000e+03 337 +1.070611012775272e+04 +4.491320753797881e+00
2.880000e+03 394 +1.199036670797038e+04 -3.721897393461806e+00
2.940000e+03 101 +9.601260190643714e+03 -9.886593239405041e+00
2.940000e+03 337 +1.101014888067373e+04 +5.567211754418717e+00
2.940000e+03 394 +1.176547217065784e+04 -3.744179762075488e+00
3.000000e+03 101 +8.938153560151975e+03 -1.217939963322186e+01
3.000000e+03 337 +1.136471211668474e+04 +6.171610673570394e+00
3.000000e+03 394 +1.154468888051906e+04 -3.586011002694605e+00
3.060000e+03 101 +8.144783433105284e+03 -1.421949001221555e+01
3.060000e+03 337 +1.174124287711546e+04 +6.301885225088756e+00
3.060000e+03 394 +1.133841834098912e+04 -3.265132433201943e+00
3.120000e+03 101 +7.238115363875747e+03 -1.594314874975662e+01
3.120000e+03 337 +1.211192004014893e+04 +5.981481144815148e+00
3.120000e+03 394 +1.115539237369347e+04 -2.818743985157066e+00
3.180000e+03 101 +6.240058736233892e+03 -1.724021861578193e+01
3.180000e+03 337 +1.245064700856336e+04 +5.242439888951838e+00
3.180000e+03 394 +1.100166740956014e+04 -2.297639258419429e+00
3.240000e+03 101 +5.182432315707904e+03 -1.786994851548557e+01
3.240000e+03 337 +1.273332601351399e+04 +4.119217092733500e+00
3.240000e+03 394 +1.088003128258540e+04 -1.758714796619909e+00
3.300000e+03 101 +4.120179741166652e+03 -1.724587530838281e+01
3.300000e+03 337 +1.293805271112609e+04 +2.651335796784489e+00
3.300000e+03 394 +1.078985491218140e+04 -1.257901934924234e+00
3.360000e+03 101 +3.166828499471599e+03 -1.386317509424021e+01
3.360000e+03 337 +1.304558197850311e+04 +8.886902666408097e-01
3.360000e+03 394 +1.072732560598312e+04 -8.446105007936300e-01
3.420000e+03 101 +2.570096921809602e+03 -4.907168098900594e+00
3.420000e+03 337 +1.304004930821096e+04 -1.105896559233577e+00
3.420000e+03 394 +1.068596108900188e+04 -5.579262166712333e-01
3.480000e+03 101 +2.663028177040616e+03 +7.853182909839866e+00
3.480000e+03 337 +1.290970159094953e+04 -3.258967297969948e+00
3.480000e+03 394 +1.065730051677384e+04 -4.245035245567739e-01
3.540000e+03 101 +3.409817623968079e+03 +1.598147074070856e+01
3.540000e+03 337 +1.264736548154114e+04 -5.492524264029728e+00
3.540000e+03 394 +1.063167188545301e+04 -4.581236338305221e-01
3.600000e+03 101 +4.481437956881278e+03 +1.916950396351327e+01
3.600000e+03 337 +1.225049912341911e+04 -7.731368426106297e+00
3.600000e+03 394 +1.059893758143007e+04 -6.608343669872410e-01
3.660000e+03 101 +5.663569672275213e+03 +1.997327666509667e+01
3.660000e+03 337 +1.172082927888424e+04 -9.909236462987467e+00
3.660000e+03 394 +1.054913191338361e+04 -1.025324868426873e+00
3.720000e+03 101 +6.855424702080233e+03 +1.961475119168515e+01
3.720000e+03 337 +1.106369768406843e+04 -1.197218255978471e+01
3.720000e+03 394 +1.047293503429616e+04 -1.537873915555799e+00
3.780000e+03 101 +8.004034225352833e+03 +1.858306715886000e+01
3.780000e+03 337 +1.028730384839019e+04 -1.387862360415541e+01
3.780000e+03 394 +1.036197330486783e+04 -2.181049329607052e+00
3.840000e+03 101 +9.076402749738098e+03 +1.709875122593983e+01
3.840000e+03 337 +9.402041700704476e+03 -1.559625564621768e+01
3.840000e+03 394 +1.020898401258732e+04 -2.935431163883132e+00
3.900000e+03 101 +1.004918689595565e+04 +1.527818806481227e+01
3.900000e+03 337 +8.420096532959469e+03 -1.709662360405206e+01
3.900000e+03 394 +1.000791650028906e+04 -3.779987869541038e+00
3.960000e+03 101 +1.090451055013751e+04 +1.319332304037551e+01
3.960000e+03 337 +7.355414043405473e+03 -1.834826842932886e+01
3.960000e+03 394 +9.754048344495233e+03 -4.691276186553429e+00
4.020000e+03 101 +1.162817895546481e+04 +1.089802855153835e+01
4.020000e+03 337 +6.224122007852632e+03 -1.930821848143406e+01
4.020000e+03 394 +9.444167896906325e+03 -5.642186450548330e+00
4.080000e+03 101 +1.220906926754106e+04 +8.442682557935353e+00
4.080000e+03 337 +5.045622769807964e+03 -1.990628869561113e+01
4.080000e+03 394 +9.076820168429336e+03 -6.601259884688730e+00
4.140000e+03 101 +1.263919942094501e+04 +5.882549940516469e+00
4.140000e+03 337 +3.845412191671864e+03 -1.999438881958199e+01
4.140000e+03 394 +8.652553603369339e+03 -7.533445028366619e+00
4.200000e+03 101 +1.291413960397706e+04 +3.280853765024778e+00
4.200000e+03 337 +2.664940593856633e+03 -1.911108480056781e+01
4.200000e+03 394 +8.174070651412544e+03 -8.402510950688091e+00
4.260000e+03 101 +1.303345762953644e+04 +7.069856770320558e-01
4.260000e+03 337 +1.611393786311054e+03 -1.499321696877736e+01
4.260000e+03 394 +7.646198881917631e+03 -9.174425612967759e+00
4.320000e+03 101 +1.300094861961342e+04 -1.768495135284161e+00
4.320000e+03 337 +1.127356331292826e+03 +1.596388057836294e+00
4.320000e+03 394 +7.075665791874495e+03 -9.820235366955801e+00
4.380000e+03 101 +1.282453969049428e+04 -4.079137559331905e+00
4.380000e+03 337 +1.713412782783488e+03 +1.485303479854611e+01
4.380000e+03 394 +6.470759351722614e+03 -1.031672067391814e+01
4.440000e+03 101 +1.251595243373786e+04 -6.164907027608182e+00
4.440000e+03 337 +2.689922082264534e+03 +1.692673109254546e+01
4.440000e+03 394 +5.841050934174567e+03 -1.064350367215605e+01
4.500000e+03 101 +1.209037323812805e+04 -7.969435326578356e+00
4.500000e+03 337 +3.698891218068093e+03 +1.651426037275143e+01
4.500000e+03 394 +5.197412812496218e+03 -1.077610770073456e+01
4.560000e+03 101 +1.156644186694599e+04 -9.432413947277528e+00
4.560000e+03 337 +4.657004628211975e+03 +1.534032332638498e+01
4.560000e+03 394 +4.552571290390669e+03 -1.067506712869365e+01
4.620000e+03 101 +1.096678063182300e+04 -1.047979809112567e+01
4.620000e+03 337 +5.532035457065261e+03 +1.377527760970396e+01
4.620000e+03 394 +3.922434769615393e+03 -1.027087628020488e+01
4.680000e+03 101 +1.031907072495689e+04 -1.101617948413227e+01
4.680000e+03 337 +6.304628318566697e+03 +1.193808755913618e+01
4.680000e+03 394 +3.328468241380418e+03 -9.444198551838745e+00
4.740000e+03 101 +9.657390334800999e+03 -1.092466446877072e+01
4.740000e+03 337 +6.960328428375604e+03 +9.886682233005457e+00
4.740000e+03 394 +2.801277248834702e+03 -8.008405250371174e+00
4.800000e+03 101 +9.023168782923667e+03 -1.008115626032327e+01
4.800000e+03 337 +7.487638633065299e+03 +7.665785587692759e+00
4.800000e+03 394 +2.384087254748367e+03 -5.746915785430940e+00
4.860000e+03 101 +8.464619721852494e+03 -8.392470339063856e+00
4.860000e+03 337 +7.877751550902288e+03 +5.321492655209636e+00
4.860000e+03 394 +2.128676551217393e+03 -2.657861135820264e+00
4.920000e+03 101 +8.032975489514983e+03 -5.864819899982574e+00
4.920000e+03 337 +8.124756031947129e+03 +2.904198414768755e+00
4.920000e+03 394 +2.069525676851634e+03 +6.336445003608840e-01
4.980000e+03 101 +7.774050782388078e+03 -2.684095809246228e+00
4.980000e+03 337 +8.225852618939323e+03 +4.667493430678538e-01
4.980000e+03 394 +2.188745926028796e+03 +3.152382168110435e+00
5.040000e+03 101 +7.716217332350568e+03 +7.594410827053406e-01
5.040000e+03 337 +8.181414915239959e+03 -1.938308157275206e+00
5.040000e+03 394 +2.423980704104486e+03 +4.501885246569572e+00
5.100000e+03 101 +7.860513167051856e+03 +3.972443083358306e+00
5.100000e+03 337 +7.994928340503037e+03 -4.259711931629516e+00
5.100000e+03 394 +2.709908025041797e+03 +4.900230747992054e+00
5.160000e+03 101 +8.179886713306125e+03 +6.541507234162352e+00
5.160000e+03 337 +7.672963884622663e+03 -6.445170885956038e+00
5.160000e+03 394 +2.999783205257367e+03 +4.683587804098048e+00
5.220000e+03 101 +8.628195414950809e+03 +8.252153317428261e+00
5.220000e+03 337 +7.225406202589262e+03 -8.435133499951307e+00
5.220000e+03 394 +3.264625181557841e+03 +4.098211696661381e+00
5.280000e+03 101 +9.152368330209587e+03 +9.077537585104681e+00
5.280000e+03 337 +6.666188477057844e+03 -1.015190179527293e+01
5.280000e+03 394 +3.487351791438238e+03 +3.300258379625205e+00
5.340000e+03 101 +9.701427510024645e+03 +9.100523043571767e+00
5.340000e+03 337 +6.014884165037359e+03 -1.148110671754795e+01
5.340000e+03 394 +3.658470117800402e+03 +2.392164137742075e+00
5.400000e+03 101 +1.023085988854966e+04 +8.445007592584634e+00
5.400000e+03 337 +5.299836712861038e+03 -1.223679535830050e+01
5.400000e+03 394 +3.773734286236010e+03 +1.449894908096466e+00
5.460000e+03 101 +1.070383301966881e+04 +7.239379869632947e+00
5.460000e+03 337 +4.564303155850803e+03 -1.209224160535124e+01
5.460000e+03 394 +3.833088887890186e+03 +5.391790376407412e-01
5.520000e+03 101 +1.109097545265748e+04 +5.602809257405455e+00
5.520000e+03 337 +3.878149681243017e+03 -1.046732655856865e+01
5.520000e+03 394 +3.840360284395497e+03 -2.751474864919423e-01
5.580000e+03 101 +1.136968359503006e+04 +3.641441351771837e+00
5.580000e+03 337 +3.354622260478362e+03 -6.535895929695019e+00
5.580000e+03 394 +3.803383451035936e+03 -9.235910820650999e-01
5.640000e+03 101 +1.152330351735589e+04 +1.447342084577579e+00
5.640000e+03 337 +3.145668588354991e+03 -1.050334286120957e-01
5.640000e+03 394 +3.734386223863620e+03 -1.328919399689551e+00
5.700000e+03 101 +1.154027127363607e+04 -9.018930239903054e-01
5.700000e+03 337 +3.352418416841327e+03 +6.823457290484283e+00
5.700000e+03 394 +3.650464748981920e+03 -1.406651488731653e+00
5.760000e+03 101 +1.141325797629195e+04 -3.342422001445280e+00
5.760000e+03 337 +3.923512081690182e+03 +1.180011603778371e+01
5.760000e+03 394 +3.573815671389412e+03 -1.073779524053292e+00
5.820000e+03 101 +1.113841681455816e+04 -5.821338426745373e+00
5.820000e+03 337 +4.722593487849825e+03 +1.451302818495089e+01
5.820000e+03 394 +3.531012239934060e+03 -2.730892306141772e-01
5.880000e+03 101 +1.071487323954570e+04 -8.291421830143690e+00
5.880000e+03 337 +5.633964034699331e+03 +1.566181108429640e+01
5.880000e+03 394 +3.550278094175412e+03 +9.856069056583092e-01
5.940000e+03 101 +1.014458517412352e+04 -1.070428421594455e+01
5.940000e+03 337 +6.582306141685033e+03 +1.581657287525103e+01
5.940000e+03 394 +3.656250600962325e+03 +2.589229010876999e+00
6.000000e+03 101 +9.432621411348326e+03 -1.300358379786229e+01
6.000000e+03 337 +7.518541596095919e+03 +1.529612914297218e+01
6.000000e+03 394 +3.863802480444908e+03 +4.332989587478033e+00
6.060000e+03 101 +8.587807718882930e+03 -1.511966526028148e+01
6.060000e+03 337 +8.407848924750453e+03 +1.427402845473553e+01
6.060000e+03 394 +4.174465058996704e+03 +5.991697192478053e+00
6.120000e+03 101 +7.623664291377867e+03 -1.696473194538558e+01
6.120000e+03 337 +9.223571407390074e+03 +1.285855189521653e+01
6.120000e+03 394 +4.577690040492208e+03 +7.397690759956840e+00
6.180000e+03 101 +6.559756737913301e+03 -1.842202492052844e+01
6.180000e+03 337 +9.944704489594935e+03 +1.113440671809638e+01
6.180000e+03 394 +5.055468536432388e+03 +8.470099727075883e+00
6.240000e+03 101 +5.424339962194445e+03 -1.930770048600032e+01
6.240000e+03 337 +1.055510823275194e+04 +9.180636138392140e+00
6.240000e+03 394 +5.587194660000066e+03 +9.198461961187622e+00
6.300000e+03 101 +4.261627907093382e+03 -1.923436436526743e+01
6.300000e+03 337 +1.104333928707392e+04 +7.074629068106057e+00
6.300000e+03 394 +6.152996026430700e+03 +9.612943781242080e+00
6.360000e+03 101 +3.155750616402911e+03 -1.711687562031550e+01
6.360000e+03 337 +1.140247392697064e+04 +4.888781192201378e+00
6.360000e+03 394 +6.735404801986649e+03 +9.760277319776248e+00
6.420000e+03 101 +2.309886253636716e+03 -9.790275222342471e+00
6.420000e+03 337 +1.162965001269696e+04 +2.685347811948658e+00
6.420000e+03 394 +7.319845634250953e+03 +9.688128059669374e+00
6.480000e+03 101 +2.143702270504938e+03 +4.847646285635767e+00
6.480000e+03 337 +1.172537002720798e+04 +5.143301950386907e-01
6.480000e+03 394 +7.894385243206563e+03 +9.435801350034598e+00
6.540000e+03 101 +2.796383714845416e+03 +1.543126989466047e+01
6.540000e+03 337 +1.169285117799375e+04 -1.582568690804863e+00
6.540000e+03 394 +8.449086757832270e+03 +9.030349195561936e+00
6.600000e+03 101 +3.855938980437554e+03 +1.914477980634244e+01
6.600000e+03 337 +1.153779985691916e+04 -3.562096943689314e+00
6.600000e+03 394 +8.975296982118576e+03 +8.488245870096842e+00
6.660000e+03 101 +5.037820295955485e+03 +1.996162648689867e+01
6.660000e+03 337 +1.126886820303081e+04 -5.367417365050643e+00
6.660000e+03 394 +9.465189537173914e+03 +7.821975247015552e+00
6.720000e+03 101 +6.227044029689088e+03 +1.953277317143664e+01
6.720000e+03 337 +1.089875944421880e+04 -6.919447145553899e+00
6.720000e+03 394 +9.911788739158634e+03 +7.048857225519018e+00
6.780000e+03 101 +7.367867638275101e+03 +1.840100426636081e+01
6.780000e+03 337 +1.044563337020377e+04 -8.116003114071168e+00
6.780000e+03 394 +1.030948804203190e+04 +6.197988994934682e+00
6.840000e+03 101 +8.425721701442686e+03 +1.679467379786153e+01
6.840000e+03 337 +9.934295563764088e+03 -8.839689715043134e+00
6.840000e+03 394 +1.065483197416015e+04 +5.311626314275368e+00
6.900000e+03 101 +9.376553231536654e+03 +1.485372347627183e+01
6.900000e+03 337 +9.396706619696237e+03 -8.972122697139412e+00
6.900000e+03 394 +1.094717418610090e+04 +4.439727361908299e+00
6.960000e+03 101 +1.020367496543189e+04 +1.268733103866609e+01
6.960000e+03 337 +8.871521538817593e+03 -8.411798977593675e+00
6.960000e+03 394 +1.118884460146357e+04 +3.629633857760235e+00
7.020000e+03 101 +1.089624793652606e+04 +1.038071000255745e+01
7.020000e+03 337 +8.402429865946644e+03 -7.096900502828464e+00
7.020000e+03 394 +1.138466177274550e+04 +2.915447346876578e+00
7.080000e+03 101 +1.144771123778694e+04 +7.990708109701166e+00
7.080000e+03 337 +8.034836668035467e+03 -5.038774047629719e+00
7.080000e+03 394 +1.154092895587779e+04 +2.312191865469590e+00
7.140000e+03 101 +1.185408202975773e+04 +5.547693317676440e+00
7.140000e+03 337 +7.810184733427203e+03 -2.365299043361941e+00
7.140000e+03 394 +1.166430531951159e+04 +1.817658188395200e+00
7.200000e+03 101 +1.211271308633933e+04 +3.068848532910708e+00
7.200000e+03 337 +7.757971274371417e+03 +6.528547437779753e-01
7.200000e+03 394 +1.176099881397869e+04 +1.420721666454987e+00
7.260000e+03 101 +1.222208873516519e+04 +5.780841631752202e-01
7.260000e+03 337 +7.887905893941785e+03 +3.640064126881265e+00
7.260000e+03 394 +1.183653811769489e+04 +1.111374234471728e+00
7.320000e+03 101 +1.218277662162795e+04 -1.876939615332516e+00
7.320000e+03 337 +8.186646318229232e+03 +6.224829028839661e+00
7.320000e+03 394 +1.189606086035398e+04 +8.871643884979886e-01
7.380000e+03 101 +1.199911864215920e+04 -4.217920039210297e+00
7.380000e+03 337 +8.621603809994524e+03 +8.151024259520609e+00
7.380000e+03 394 +1.194480464639871e+04 +7.533923041640040e-01
7.440000e+03 101 +1.168099279307006e+04 -6.340040867105299e+00
7.440000e+03 337 +9.149509544122615e+03 +9.318526938774333e+00
7.440000e+03 394 +1.198843947518306e+04 +7.180428822726322e-01
7.500000e+03 101 +1.124510316452249e+04 -8.122533875423544e+00
7.500000e+03 337 +9.725128473030740e+03 +9.753431890589459e+00
7.500000e+03 394 +1.203301588143285e+04 +7.846351929935309e-01
7.560000e+03 101 +1.071560346917018e+04 -9.439348956048823e+00
7.560000e+03 337 +1.030720475129069e+04 +9.553264333161932e+00
7.560000e+03 394 +1.208450435353914e+04 +9.461963824353488e-01
7.620000e+03 101 +1.012419404421774e+04 -1.016565373570072e+01
7.620000e+03 337 +1.086127308989293e+04 +8.840545926813192e+00
7.620000e+03 394 +1.214805860009164e+04 +1.182270426343254e+00
7.680000e+03 101 +9.509954563045012e+03 -1.018078464072622e+01
7.680000e+03 337 +1.136020150258471e+04 +7.733750560742028e+00
7.680000e+03 394 +1.222720485448011e+04 +1.459423270287464e+00
7.740000e+03 101 +8.918931468327504e+03 -9.375460432721335e+00
7.740000e+03 337 +1.178346892419347e+04 +6.333542690620774e+00
7.740000e+03 394 +1.232315584237166e+04 +1.734768168681643e+00
7.800000e+03 101 +8.402793335064616e+03 -7.678609572114026e+00
7.800000e+03 337 +1.211598020327175e+04 +4.720518086228010e+00
7.800000e+03 394 +1.243440562175222e+04 +1.961643824367615e+00
7.860000e+03 101 +8.014897993767259e+03 -5.117890002858030e+00
7.860000e+03 337 +1.234700209904096e+04 +2.960888125250809e+00
7.860000e+03 394 +1.255670463784844e+04 +2.096428494179538e+00
7.920000e+03 101 +7.801966090273236e+03 -1.898556819329928e+00
7.920000e+03 337 +1.246958102925969e+04 +1.116140161850662e+00
7.920000e+03 394 +1.268344832913140e+04 +2.105291643326394e+00
7.980000e+03 101 +7.792160699224019e+03 +1.571590863671088e+00
7.980000e+03 337 +1.248055069316000e+04 -7.476646827848310e-01
7.980000e+03 394 +1.280643407970406e+04 +1.969475774465569e+00
8.040000e+03 101 +7.985407379541114e+03 +4.787654091241261e+00
8.040000e+03 337 +1.238099304030265e+04 -2.554534524281250e+00
8.040000e+03 394 +1.291685555599768e+04 +1.687721108911036e+00
8.100000e+03 101 +8.353170618895319e+03 +7.335930247932835e+00
8.100000e+03 337 +1.217685790757289e+04 -4.218654884365038e+00
8.100000e+03 394 +1.300633253110177e+04 +1.274946241159560e+00
8.160000e+03 101 +8.848154686108088e+03 +9.012700742330651e+00
8.160000e+03 337 +1.187943144773553e+04 -5.648965007351898e+00
8.160000e+03 394 +1.306774886937783e+04 +7.572917081037330e-01
8.220000e+03 101 +9.416986195716752e+03 +9.807553321948092e+00
8.220000e+03 337 +1.150546383829315e+04 -6.755398471853602e+00
8.220000e+03 394 +1.309571439126191e+04 +1.648604895078358e-01
8.280000e+03 101 +1.000934774681527e+04 +9.817601844343042e+00
8.280000e+03 337 +1.107694915299371e+04 -7.453845375151914e+00
8.280000e+03 394 +1.308657927079680e+04 -4.754913279423951e-01
8.340000e+03 101 +1.058196695945737e+04 +9.170592902767844e+00
8.340000e+03 337 +1.062067846708727e+04 -7.668855454772372e+00
8.340000e+03 394 +1.303808455942234e+04 -1.144663985166847e+00
8.400000e+03 101 +1.109903051266646e+04 +7.983340283104524e+00
8.400000e+03 337 +1.016764181120360e+04 -7.336763347064885e+00
8.400000e+03 394 +1.294887273231651e+04 -1.831297797168201e+00
8.460000e+03 101 +1.153105692932454e+04 +6.349951304059402e+00
8.460000e+03 337 +9.752079501931177e+03 -6.415450225396294e+00
8.460000e+03 394 +1.281813941707847e+04 -2.527279125779697e+00
8.520000e+03 101 +1.185364577056915e+04 +4.347460544166018e+00
8.520000e+03 337 +9.409589080198244e+03 -4.906630403329884e+00
8.520000e+03 394 +1.264563898336090e+04 -3.220947124137879e+00
8.580000e+03 101 +1.204680700756082e+04 +2.047914772772685e+00
8.580000e+03 337 +9.173550489232975e+03 -2.887932454809007e+00
8.580000e+03 394 +1.243208295009149e+04 -3.891365443896761e+00
8.640000e+03 101 +1.209499391387431e+04 -4.713881598000820e-01
8.640000e+03 337 +9.069766971513760e+03 -5.357633403480497e-01
8.640000e+03 394 +1.217977484435201e+04 -4.506516380026002e+00
8.700000e+03 101 +1.198756277860311e+04 -3.124398756346574e+00
8.700000e+03 337 +9.110736152779693e+03 +1.889447333531011e+00
8.700000e+03 394 +1.189320531405273e+04 -5.026409984305197e+00
8.760000e+03 101 +1.171920799808201e+04 -5.820464722481484e+00
8.760000e+03 337 +9.292265434113762e+03 +4.104875976760837e+00
8.760000e+03 394 +1.157933672690389e+04 -5.409995540892627e+00
8.820000e+03 101 +1.128997624386782e+04 -8.473568003377785e+00
8.820000e+03 337 +9.594495684647038e+03 +5.882607534918520e+00
8.820000e+03 394 +1.124741849492706e+04 -5.623436213606357e+00
8.880000e+03 101 +1.070468422220672e+04 -1.101216067092737e+01
8.880000e+03 337 +9.986814619145585e+03 +7.095526410838715e+00
8.880000e+03 394 +1.090833193423702e+04 -5.647117752651847e+00
8.940000e+03 101 +9.971843620918080e+03 -1.338510477969043e+01
8.940000e+03 337 +1.043402706607998e+04 +7.713979225123134e+00
8.940000e+03 394 +1.057360258436172e+04 -5.479506664474796e+00
9.000000e+03 101 +9.102422176151280e+03 -1.556095052652215e+01
9.000000e+03 337 +1.090126641342785e+04 +7.771994039760703e+00
9.000000e+03 394 +1.025429455822811e+04 -5.137236127263470e+00
9.060000e+03 101 +8.108854114792101e+03 -1.752060647816535e+01
9.060000e+03 337 +1.135668205346935e+04 +7.330862270707772e+00
9.060000e+03 394 +9.959998505844329e+03 -4.652105870184680e+00
9.120000e+03 101 +7.004625256200862e+03 -1.924611001433163e+01
9.120000e+03 337 +1.177229604661020e+04 +6.455862430907781e+00
9.120000e+03 394 +9.698054912674132e+03 -4.066518752499595e+00
9.180000e+03 101 +5.804563865299401e+03 -2.070868304036359e+01
9.180000e+03 337 +1.212393376802380e+04 +5.208187243899332e+00
9.180000e+03 394 +9.473059017130581e+03 -3.428859077505922e+00
9.240000e+03 101 +4.525894786410995e+03 -2.185373249538842e+01
9.240000e+03 337 +1.239100118157894e+04 +3.646735221449228e+00
9.240000e+03 394 +9.286623958190381e+03 -2.789546964821921e+00
9.300000e+03 101 +3.190919833731497e+03 -2.254934431839367e+01
9.300000e+03 337 +1.255648799760817e+04 +1.832757714777480e+00
9.300000e+03 394 +9.137362164927103e+03 -2.197642548045981e+00
9.360000e+03 101 +1.839595084380942e+03 -2.216907045141684e+01
9.360000e+03 337 +1.260719793877769e+04 -1.678220933153527e-01
9.360000e+03 394 +9.021063908925886e+03 -1.697630750626029e+00
9.420000e+03 101 +7.011096247280519e+02 -1.024898122045604e+01
9.420000e+03 337 +1.253399303454331e+04 -2.286286837480210e+00
9.420000e+03 394 +8.931063084628227e+03 -1.326460649869316e+00
9.480000e+03 101 +1.294941157925525e+03 +2.072954838911195e+01
9.480000e+03 337 +1.233182305989497e+04 -4.456027552421025e+00
9.480000e+03 394 +8.858758907415866e+03 -1.111424526899941e+00
9.540000e+03 101 +2.621248131542940e+03 +2.262345022127544e+01
9.540000e+03 337 +1.199943768739042e+04 -6.617724161759538e+00
9.540000e+03 394 +8.794224902039032e+03 -1.069421258516247e+00
9.600000e+03 101 +3.971425049085828e+03 +2.224452093184558e+01
9.600000e+03 337 +1.153884680190575e+04 -8.722218412339094e+00
9.600000e+03 394 +8.726819830287815e+03 -1.207562133023257e+00
9.660000e+03 101 +5.279466072919013e+03 +2.128710879717640e+01
9.660000e+03 337 +1.095471269995474e+04 -1.072984762844464e+01
9.660000e+03 394 +8.645737201708356e+03 -1.524475442661361e+00
9.720000e+03 101 +6.518694019216270e+03 +1.996705763832734e+01
9.720000e+03 337 +1.025388220927542e+04 -1.260662556965291e+01
9.720000e+03 394 +8.540475768650669e+03 -2.011521658091801e+00
9.780000e+03 101 +7.669567490439767e+03 +1.834891374022851e+01
9.780000e+03 337 +9.445207919037162e+03 -1.431869741138285e+01
9.780000e+03 394 +8.401252248149984e+03 -2.653473359414663e+00
9.840000e+03 101 +8.715281788685163e+03 +1.646654156656242e+01
9.840000e+03 337 +8.539716407322450e+03 -1.582649437413397e+01
9.840000e+03 394 +8.219388672774468e+03 -3.428731635032106e+00
9.900000e+03 101 +9.640836339311456e+03 +1.434853571632389e+01
9.900000e+03 337 +7.551125365244146e+03 -1.707881726487982e+01
9.900000e+03 394 +7.987690151034995e+03 -4.309518426027092e+00
9.960000e+03 101 +1.043305273607705e+04 +1.202820265501958e+01
9.960000e+03 337 +6.496771625848043e+03 -1.800424424161859e+01
9.960000e+03 394 +7.700798502072858e+03 -5.262568168603227e+00
1.002000e+04 101 +1.108102824431722e+04 +9.548643464981865e+00
1.002000e+04 337 +5.399342918888794e+03 -1.849028632221582e+01
1.002000e+04 394 +7.355479704078188e+03 -6.250679443890840e+00
1.008000e+04 101 +1.157678965836361e+04 +6.964412326254799e+00
1.008000e+04 337 +4.290905746768475e+03 -1.831877870293764e+01
1.008000e+04 394 +6.950790412269266e+03 -7.235169994219548e+00
1.014000e+04 101 +1.191595078907080e+04 +4.340041299377587e+00
1.014000e+04 337 +3.224521899077451e+03 -1.694486234798364e+01
1.014000e+04 394 +6.488077841096529e+03 -8.178883003465401e+00
1.020000e+04 101 +1.209820336108234e+04 +1.746145116764537e+00
1.020000e+04 337 +2.311957051336011e+03 -1.276383823656192e+01
1.020000e+04 394 +5.970800641634146e+03 -9.048992103200753e+00
1.026000e+04 101 +1.212753711994816e+04 -7.453984091195981e-01
1.026000e+04 337 +1.815720966722084e+03 -2.664016215019562e+00
1.026000e+04 394 +5.404213490995734e+03 -9.818546267798222e+00
1.032000e+04 101 +1.201219444691038e+04 -3.065111481321364e+00
1.032000e+04 337 +2.026025286559141e+03 +8.813371092448378e+00
1.032000e+04 394 +4.795026463069148e+03 -1.046556401394973e+01
1.038000e+04 101 +1.176449174315531e+04 -5.146413197032294e+00
1.038000e+04 337 +2.729559569248765e+03 +1.365177742076674e+01
1.038000e+04 394 +4.151223858867724e+03 -1.096837612413883e+01
1.044000e+04 101 +1.140073520387450e+04 -6.921939046631340e+00
1.044000e+04 337 +3.588158913428573e+03 +1.459048513391931e+01
1.044000e+04 394 +3.482327437899762e+03 -1.129483980222346e+01
1.050000e+04 101 +1.094146858635795e+04 -8.316454791022370e+00
1.050000e+04 337 +4.451129566417393e+03 +1.401577817563949e+01
1.050000e+04 394 +2.800665022330754e+03 -1.137710338448288e+01
1.056000e+04 101 +1.041218315803966e+04 -9.239162259764134e+00
1.056000e+04 337 +5.256155498411377e+03 +1.273181178279884e+01
1.056000e+04 394 +2.125329583611784e+03 -1.103594181964808e+01
1.062000e+04 101 +9.844396567661188e+03 -9.580004998998801e+00
1.062000e+04 337 +5.970586484052217e+03 +1.102533159589742e+01
1.062000e+04 394 +1.495649907333908e+03 -9.686142585333419e+00
1.068000e+04 101 +9.276677991128547e+03 -9.216403736004093e+00
1.068000e+04 337 +6.573350830634848e+03 +9.025167428425133e+00
1.068000e+04 394 +1.022451278034921e+03 -5.269913637506447e+00
1.074000e+04 101 +8.754745016274068e+03 -8.039061465977589e+00
1.074000e+04 337 +7.049303882648489e+03 +6.809404407503982e+00
1.074000e+04 394 +9.647220098860215e+02 +3.506953741213505e+00
1.080000e+04 101 +8.329217802867968e+03 -6.005121886558008e+00
1.080000e+04 337 +7.387404919361358e+03 +4.439739154644177e+00
1.080000e+04 394 +1.351376564919279e+03 +8.419188306244251e+00
1.086000e+04 101 +8.049434860568417e+03 -3.212815986776761e+00
1.086000e+04 337 +7.580105212855835e+03 +1.971546304165287e+00
1.086000e+04 394 +1.901137858333360e+03 +9.573763607180457e+00
1.092000e+04 101 +7.953125284712082e+03 +4.617597552434977e-02
1.092000e+04 337 +7.623032194755246e+03 -5.447513619973050e-01
1.092000e+04 394 +2.477023457961841e+03 +9.510640701042407e+00
1.098000e+04 101 +8.055439090671763e+03 +3.328131733213850e+00
1.098000e+04 337 +7.514674357298766e+03 -3.064252322212081e+00
1.098000e+04 394 +3.033546108690737e+03 +8.990345566013104e+00
1.104000e+04 101 +8.343869073923826e+03 +6.183729281446376e+00
1.104000e+04 337 +7.256061840302313e+03 -5.546824380566926e+00
1.104000e+04 394 +3.551480477424161e+03 +8.247044404244297e+00
1.110000e+04 101 +8.782681277516198e+03 +8.305685825807778e+00
1.110000e+04 337 +6.850557833832686e+03 -7.954199625348740e+00
1.110000e+04 394 +4.020680281018031e+03 +7.376937681083019e+00
1.116000e+04 101 +9.323373514018465e+03 +9.573458864042614e+00
1.116000e+04 337 +6.303867997743468e+03 -1.024586164269703e+01
1.116000e+04 394 +4.435246908151406e+03 +6.433112228927056e+00
1.122000e+04 101 +9.914751686395530e+03 +1.000630813468540e+01
1.122000e+04 337 +5.624295539862510e+03 -1.237514758652546e+01
1.122000e+04 394 +4.791961437826594e+03 +5.454613662778905e+00
1.128000e+04 101 +1.050925350088775e+04 +9.696099190692081e+00
1.128000e+04 337 +4.823221810049286e+03 -1.428526621174376e+01
1.128000e+04 394 +5.089837992739669e+03 +4.478094212039281e+00
1.134000e+04 101 +1.106579174799231e+04 +8.761390539511140e+00
1.134000e+04 337 +3.915965415010437e+03 -1.589843860606414e+01
1.134000e+04 394 +5.330157931682224e+03 +3.542984970693014e+00
1.140000e+04 101 +1.155058899048539e+04 +7.324903182710444e+00
1.140000e+04 337 +2.924205485070902e+03 -1.706288938526133e+01
1.140000e+04 394 +5.516694988048926e+03 +2.692920866451867e+00
1.146000e+04 101 +1.193708893985100e+04 +5.503464321275358e+00
1.146000e+04 337 +1.887449870762649e+03 -1.720890650385434e+01
1.146000e+04 394 +5.655940807970274e+03 +1.974473475652101e+00
1.152000e+04 101 +1.220542007924311e+04 +3.402255699171858e+00
1.152000e+04 337 +9.574621012883963e+02 -1.153556014469626e+01
1.152000e+04 394 +5.757194706830942e+03 +1.434024545660197e+00
1.158000e+04 101 +1.234156167695617e+04 +1.110526463578519e+00
1.158000e+04 337 +1.010918688405587e+03 +1.300212827563340e+01
1.158000e+04 394 +5.832427921014118e+03 +1.113466962253980e+00
1.164000e+04 101 +1.233630409210155e+04 -1.300752708265511e+00
1.164000e+04 337 +2.031317150191401e+03 +1.905455824932720e+01
1.164000e+04 394 +5.895864683118027e+03 +1.045094482164058e+00
1.170000e+04 101 +1.218416345242341e+04 -3.777843321969811e+00
1.170000e+04 337 +3.210940201467594e+03 +2.000585073539562e+01
1.170000e+04 394 +5.963234908455574e+03 +1.245782022440944e+00
1.176000e+04 101 +1.188248220962700e+04 -6.279099029420930e+00
1.176000e+04 337 +4.414347598264755e+03 +2.001422158990794e+01
1.176000e+04 394 +6.050663908128859e+03 +1.710837770029781e+00
1.182000e+04 101 +1.143094042499856e+04 -8.766741639462090e+00
1.182000e+04 337 +5.603785886867780e+03 +1.957098241717350e+01
1.182000e+04 394 +6.173216799918640e+03 +2.409014909706378e+00
1.188000e+04 101 +1.083158850943746e+04 -1.119824837482622e+01
1.188000e+04 337 +6.755939722726152e+03 +1.877964426292505e+01
1.188000e+04 394 +6.343247721056230e+03 +3.281541792261037e+00
1.194000e+04 101 +1.008932583788836e+04 -1.352059516248074e+01
1.194000e+04 337 +7.851042533784359e+03 +1.767307119128246e+01
1.194000e+04 394 +6.568887153718458e+03 +4.248033733598328e+00
1.200000e+04 101 +9.212584045140980e+03 -1.566930850737049e+01
1.200000e+04 337 +8.870862742660172e+03 +1.627457649740327e+01
1.200000e+04 394 +6.853105302340517e+03 +5.219462173643934e+00
1.206000e+04 101 +8.213940108898174e+03 -1.757125295991010e+01
1.206000e+04 337 +9.798792916980789e+03 +1.461662711086436e+01
1.206000e+04 394 +7.193674123645877e+03 +6.114172202180218e+00
1.212000e+04 101 +7.110572195306315e+03 -1.914573327113655e+01
1.212000e+04 337 +1.062058298786070e+04 +1.274527070893378e+01
1.212000e+04 394 +7.584024419816286e+03 +6.870679294003224e+00
1.218000e+04 101 +5.924987367313428e+03 -2.029120288221825e+01
1.218000e+04 337 +1.132507258583804e+04 +1.071632866497832e+01
1.218000e+04 394 +8.014650513987280e+03 +7.452684205262169e+00
1.224000e+04 101 +4.687735818883365e+03 -2.082244963948182e+01
1.224000e+04 337 +1.190454540650451e+04 +8.587311998527678e+00
1.224000e+04 394 +8.474561204827298e+03 +7.845882835432008e+00
1.230000e+04 101 +3.448273840593142e+03 -2.021704917895260e+01
1.230000e+04 337 +1.235458291193660e+04 +6.409594260599223e+00
1.230000e+04 394 +8.952366118206910e+03 +8.049716164482881e+00
1.236000e+04 101 +2.321345290741555e+03 -1.645333532885398e+01
1.236000e+04 337 +1.267356455171978e+04 +4.225033829879128e+00
1.236000e+04 394 +9.436829101218120e+03 +8.068611683803812e+00
1.242000e+04 101 +1.672570655508418e+03 -2.894727749056975e+00
1.242000e+04 337 +1.286215938927884e+04 +2.069165330351080e+00
1.242000e+04 394 +9.916982100472864e+03 +7.906597865193207e+00
1.248000e+04 101 +2.055251021586179e+03 +1.383874364702397e+01
1.248000e+04 337 +1.292318686398467e+04 -2.014947757958899e-02
1.248000e+04 394 +1.038206936196082e+04 +7.567127013471635e+00
1.254000e+04 101 +3.088827435175471e+03 +1.931347501615997e+01
1.254000e+04 337 +1.286206563731778e+04 -1.992587280154592e+00
1.254000e+04 394 +1.082162519878255e+04 +7.057381285235557e+00
1.260000e+04 101 +4.286891597615887e+03 +2.024159960395106e+01
1.260000e+04 337 +1.268779006834695e+04 -3.778680639262950e+00
1.260000e+04 394 +1.122587838470433e+04 +6.394283865566324e+00
1.266000e+04 101 +5.488850234920817e+03 +1.966342972250948e+01
1.266000e+04 337 +1.241410951199804e+04 -5.290109484055056e+00
1.266000e+04 394 +1.158648079283592e+04 +5.608746656212952e+00
1.272000e+04 101 +6.632009572510224e+03 +1.834789439784836e+01
1.272000e+04 337 +1.206045645702654e+04 -6.427642239862709e+00
1.272000e+04 394 +1.189736861384676e+04 +4.745544653474381e+00
1.278000e+04 101 +7.681354839027700e+03 +1.656692508261470e+01
1.278000e+04 337 +1.165221384542581e+04 -7.094730264939832e+00
1.278000e+04 394 +1.215546120906974e+04 +3.858088147384893e+00
1.284000e+04 101 +8.613733468745175e+03 +1.446940147614069e+01
1.284000e+04 337 +1.122007790717318e+04 -7.213517945333319e+00
1.284000e+04 394 +1.236092281750481e+04 +2.999467993855814e+00
1.290000e+04 101 +9.413509651849448e+03 +1.216236245915596e+01
1.290000e+04 337 +1.079845890968101e+04 -6.740576399548274e+00
1.290000e+04 394 +1.251684784738579e+04 +2.212790116062353e+00
1.296000e+04 101 +1.007065473001554e+04 +9.726401613863176e+00
1.296000e+04 337 +1.042297758290922e+04 -5.681249719869836e+00
1.296000e+04 394 +1.262843643494829e+04 +1.524433594474881e+00
1.302000e+04 101 +1.057924960269099e+04 +7.218411980388904e+00
1.302000e+04 337 +1.012715208490746e+04 -4.102102942171898e+00
1.302000e+04 394 +1.270192707019377e+04 +9.429960540660611e-01
1.308000e+04 101 +1.093621241358108e+04 +4.677643064226184e+00
1.308000e+04 337 +9.938462777332061e+03 -2.138257846848671e+00
1.308000e+04 394 +1.274365384321506e+04 +4.643163164793957e-01
1.314000e+04 101 +1.114058069507013e+04 +2.137881161704779e+00
1.314000e+04 337 +9.874326227148747e+03 +1.258733076909583e-02
1.314000e+04 394 +1.275953036057786e+04 +8.004386332245564e-02
1.320000e+04 101 +1.119361664251683e+04 -3.582853772912050e-01
1.320000e+04 337 +9.939049833995296e+03 +2.117605958089889e+00
1.320000e+04 394 +1.275504790016148e+04 -2.145295582994066e-01
1.326000e+04 101 +1.109967790618143e+04 -2.749114193622026e+00
1.326000e+04 337 +1.012303275519392e+04 +3.954234714219237e+00
1.326000e+04 394 +1.273562431548668e+04 -4.170464630584860e-01
1.332000e+04 101 +1.086749446427639e+04 -4.950731994797335e+00
1.332000e+04 337 +1.040477846240236e+04 +5.354591625998506e+00
1.332000e+04 394 +1.270699020929415e+04 -5.202028889366205e-01
1.338000e+04 101 +1.051141927048209e+04 -6.860447855391155e+00
1.338000e+04 337 +1.075500197251111e+04 +6.228370797614436e+00
1.338000e+04 394 +1.267531651622268e+04 -5.178100004349496e-01
1.344000e+04 101 +1.005239831316069e+04 -8.361931290050078e+00
1.344000e+04 337 +1.114127441089969e+04 +6.558437579332965e+00
1.344000e+04 394 +1.264693509525815e+04 -4.117652272801829e-01
1.350000e+04 101 +9.518693422451935e+03 -9.327707927358569e+00
1.350000e+04 337 +1.153180373933300e+04 +6.378790360079215e+00
1.350000e+04 394 +1.262768750456414e+04 -2.170796652665555e-01
1.356000e+04 101 +8.946571881452650e+03 -9.618158272218034e+00
1.356000e+04 337 +1.189772303819192e+04 +5.749002468014830e+00
1.356000e+04 394 +1.262207618875839e+04 +3.672735198696553e-02
1.362000e+04 101 +8.381011562087559e+03 -9.084048280598610e+00
1.362000e+04 337 +1.221400307823713e+04 +4.735039048056770e+00
1.362000e+04 394 +1.263245222247728e+04 +3.081929488497452e-01
1.368000e+04 101 +7.875719277229370e+03 -7.590898863080939e+00
1.368000e+04 337 +1.245951169170715e+04 +3.400160434033405e+00
1.368000e+04 394 +1.265845873281737e+04 +5.496725897346977e-01
1.374000e+04 101 +7.490397291294656e+03 -5.089870770077642e+00
1.374000e+04 337 +1.261681219289553e+04 +1.804851464077535e+00
1.374000e+04 394 +1.269688102979141e+04 +7.148600058813986e-01
1.380000e+04 101 +7.282251360679138e+03 -1.732953621206697e+00
1.380000e+04 337 +1.267213610905618e+04 +1.193413600505035e-02
1.380000e+04 394 +1.274195754172301e+04 +7.663321038096342e-01
1.386000e+04 101 +7.291175403823847e+03 +2.054137490674385e+00
1.386000e+04 337 +1.261570050348510e+04 -1.907805425936592e+00
1.386000e+04 394 +1.278610118018845e+04 +6.814209543525165e-01
1.392000e+04 101 +7.525370653772909e+03 +5.675544146404495e+00
1.392000e+04 337 +1.244228106854777e+04 -3.873176770190937e+00
1.392000e+04 394 +1.282088739246946e+04 +4.550458740874493e-01
1.398000e+04 101 +7.958478777157558e+03 +8.618491440959318e+00
1.398000e+04 337 +1.215179208214271e+04 -5.794829437180226e+00
1.398000e+04 394 +1.283809993014573e+04 +9.874141496579636e-02
1.404000e+04 101 +8.540808235068816e+03 +1.063088162225531e+01
1.404000e+04 337 +1.174961191863733e+04 -7.581111283199571e+00
1.404000e+04 394 +1.283060372978203e+04 -3.640388781167369e-01
1.410000e+04 101 +9.215330195799164e+03 +1.170472929394288e+01
1.410000e+04 337 +1.124652429239767e+04 -9.144363719071857e+00
1.410000e+04 394 +1.279284917343869e+04 -9.052397975573659e-01
1.416000e+04 101 +9.929012006125969e+03 +1.196116762345077e+01
1.416000e+04 337 +1.065837289795584e+04 -1.040348282418295e+01
1.416000e+04 394 +1.272090972058620e+04 -1.500013834920862e+00
1.422000e+04 101 +1.063735688446021e+04 +1.155106906302348e+01
1.422000e+04 337 +1.000576606991470e+04 -1.127928398111809e+01
1.422000e+04 394 +1.261210473699972e+04 -2.132271774565280e+00
1.428000e+04 101 +1.130442126090639e+04 +1.060374890793626e+01
1.428000e+04 337 +9.314300153234501e+03 -1.168212757920286e+01
1.428000e+04 394 +1.246441967190376e+04 -2.795591629279103e+00
1.434000e+04 101 +1.190095570475529e+04 +9.212900855622957e+00
1.434000e+04 337 +8.615654631553391e+03 -1.149660978545228e+01
1.434000e+04 394 +1.227603422250639e+04 -3.488796906861298e+00
1.440000e+04 101 +1.240241632455420e+04 +7.444020014439048e+00
1.440000e+04 337 +7.949401358146326e+03 -1.057597244751287e+01
1.440000e+04 394 +1.204523639354045e+04 -4.208020540187050e+00
