0.000000e+00 +7.577000000000000e+02 +5.222607000000000e+03 +4.851500000000000e+03 +2.213000000000000e+00 +4.678340000000000e+00 -5.371300000000000e+00
6.000000e+01 +8.896445645116785e+02 +5.492461475556917e+03 +4.518928935955821e+03 +2.182098582413736e+00 +4.312272950086826e+00 -5.713599896932486e+00
1.200000e+02 +1.019113408553938e+03 +5.739504032932681e+03 +4.166041331015678e+03 +2.129372590128594e+00 +3.917578960442305e+00 -6.047052128890206e+00
1.800000e+02 +1.144633825445159e+03 +5.962004781349658e+03 +3.793676876491495e+03 +2.050034872040472e+00 +3.494780733389236e+00 -6.360731205000142e+00
2.400000e+02 +1.264579257179466e+03 +6.158439392772333e+03 +3.403404975848081e+03 +1.943960907980009e+00 +3.050234260584812e+00 -6.641928012445917e+00
3.000000e+02 +1.377473256673854e+03 +6.327819253189924e+03 +2.997503067914300e+03 +1.816236217394761e+00 +2.595060782591634e+00 -6.880459997347552e+00
3.600000e+02 +1.482277403287826e+03 +6.469888578578451e+03 +2.578689876422139e+03 +1.676056251434888e+00 +2.141883310367043e+00 -7.072247401285456e+00
4.200000e+02 +1.578567005114122e+03 +6.585084537400177e+03 +2.149705271928121e+03 +1.534167641763698e+00 +1.700437963366086e+00 -7.220643330062027e+00
4.800000e+02 +1.666527352586417e+03 +6.674242773067453e+03 +1.712899195182511e+03 +1.399613776252205e+00 +1.273790811813558e+00 -7.334769693380096e+00
5.400000e+02 +1.746762032747187e+03 +6.738139330970362e+03 +1.270001902118928e+03 +1.276927576184060e+00 +8.569203165760533e-01 -7.425324808639486e+00
6.000000e+02 +1.819974873609475e+03 +6.777045832127077e+03 +8.221820877742940e+02 +1.164881598842579e+00 +4.386298590168146e-01 -7.499535636017557e+00
6.600000e+02 +1.886640070027030e+03 +6.790491477689613e+03 +3.703769554995374e+02 +1.057373223663864e+00 +6.318012115501148e-03 -7.557512059707202e+00
7.200000e+02 +1.946784530592570e+03 +6.777351812346862e+03 -8.424836992309224e+01 +9.461558635756192e-01 -4.483071834188854e-01 -7.591778277790777e+00
7.800000e+02 +1.999963515746793e+03 +6.736244543484288e+03 -5.399213594639622e+02 +8.243214091875476e-01 -9.251199090517697e-01 -7.590313140844045e+00
8.400000e+02 +2.045431872190109e+03 +6.666071914562141e+03 -9.941398502372361e+02 +6.891064796581401e-01 -1.415008321213068e+00 -7.541740249025843e+00
9.000000e+02 +2.082433707928355e+03 +6.566477931990241e+03 -1.443866676734457e+03 +5.429034439959284e-01 -1.903179903865749e+00 -7.440275223281679e+00
9.600000e+02 +2.110488123348904e+03 +6.438023228850590e+03 -1.885955487550248e+03 +3.921380609944489e-01 -2.374908706333762e+00 -7.288186009757354e+00
1.020000e+03 +2.129555183657871e+03 +6.282003514644046e+03 -2.317619448267560e+03 +2.445529174133241e-01 -2.821220453906699e+00 -7.094722590639659e+00
1.080000e+03 +2.140018831797615e+03 +6.099991543469095e+03 -2.736740473623005e+03 +1.060378013927676e-01 -3.242086717924029e+00 -6.872096341586542e+00
1.140000e+03 +2.142497845451499e+03 +5.893298569593717e+03 -3.141893341838665e+03 -2.174354270394731e-02 -3.645830922161795e+00 -6.630371603526999e+00
1.200000e+03 +2.137561311438680e+03 +5.662580435462261e+03 -3.532087526122672e+03 -1.420734898058627e-01 -4.045095719786686e+00 -6.373513852214944e+00
1.260000e+03 +2.125456315949133e+03 +5.407747154269649e+03 -3.906349661332801e+03 -2.620898967857589e-01 -4.451130575468431e+00 -6.098200229997352e+00
1.320000e+03 +2.105943439144198e+03 +5.128207539640023e+03 -4.263329035419683e+03 -3.904168847826071e-01 -4.868710646076869e+00 -5.795713278460257e+00
1.380000e+03 +2.078289968857417e+03 +4.823351190388251e+03 -4.601087939902947e+03 -5.344415632838687e-01 -5.293530600333707e+00 -5.455970767149736e+00
1.440000e+03 +2.041413841993175e+03 +4.493091456358851e+03 -4.917157473262679e+03 -6.981430505421213e-01 -5.712792924537035e+00 -5.072054444137950e+00
1.500000e+03 +1.994125841351921e+03 +4.138286118537862e+03 -5.208839136699869e+03 -8.810470433725947e-01 -6.108541547904657e+00 -4.643644601213552e+00
1.560000e+03 +1.935396419881269e+03 +3.760904766750053e+03 -5.473651720821386e+03 -1.078437132857009e+00 -6.462536672583783e+00 -4.178311312895964e+00
1.620000e+03 +1.864577483399081e+03 +3.363893658737516e+03 -5.709780686164900e+03 -1.282580921013611e+00 -6.761224533878308e+00 -3.690300794831427e+00
1.680000e+03 +1.781531537486511e+03 +2.950773607856168e+03 -5.916384549654062e+03 -1.484503051786588e+00 -6.999462883072047e+00 -3.197070624430825e+00
1.740000e+03 +1.686651726200173e+03 +2.525079140682949e+03 -6.093644213494464e+03 -1.675758421218089e+00 -7.181938582514074e+00 -2.714359710505409e+00
1.800000e+03 +1.580788170787017e+03 +2.089799274597435e+03 -6.242503663232823e+03 -1.849711224186046e+00 -7.321636343084397e+00 -2.251086436805811e+00
1.860000e+03 +1.465120751128863e+03 +1.646999717814149e+03 -6.364141295536972e+03 -2.002013098857288e+00 -7.435405922487359e+00 -1.805772668203027e+00
1.920000e+03 +1.341027887971061e+03 +1.197774669947399e+03 -6.459315797193536e+03 -2.130291359227239e+00 -7.537676314305831e+00 -1.366180992925168e+00
1.980000e+03 +1.209989151712497e+03 +7.425812142991028e+02 -6.527812359973086e+03 -2.233421892581788e+00 -7.634402632857595e+00 -9.130562052512414e-01
2.040000e+03 +1.073529138522513e+03 +2.818659257203473e+02 -6.568223432553951e+03 -2.310982798790621e+00 -7.719782501436783e+00 -4.272577745221492e-01
2.100000e+03 +9.331756793953123e+02 -1.832439903453022e+02 -6.578200299981801e+03 -2.363374259263971e+00 -7.777564798512674e+00 +1.022130304712340e-01
2.160000e+03 +7.903886523486954e+02 -6.504708533081266e+02 -6.555127710433337e+03 -2.392634580173201e+00 -7.786924599371694e+00 +6.727027521436048e-01
2.220000e+03 +6.464310688538121e+02 -1.116356032895279e+03 -6.496981261124959e+03 -2.403421021729019e+00 -7.730717626020025e+00 +1.267632279027017e+00
2.280000e+03 +5.021974861653306e+02 -1.576709291414019e+03 -6.403022876706618e+03 -2.403307188832402e+00 -7.602603075608677e+00 +1.862041810913553e+00
2.340000e+03 +3.580636335961299e+02 -2.027366922206909e+03 -6.274033976063666e+03 -2.401701332179869e+00 -7.409783043153124e+00 +2.431921078342197e+00
2.400000e+03 +2.138467532074179e+02 -2.464940401888424e+03 -6.111970858812938e+03 -2.407286580417115e+00 -7.169916475243203e+00 +2.963404784343960e+00
2.460000e+03 +6.894827425413173e+01 -2.887228149771694e+03 -5.919179332180960e+03 -2.424684160397497e+00 -6.903394331798129e+00 +3.457655198520737e+00
2.520000e+03 -7.731268157424024e+01 -3.293107976248195e+03 -5.697515341271524e+03 -2.451683913649561e+00 -6.624462151373148e+00 +3.928925161662340e+00
2.580000e+03 -2.252540315728661e+02 -3.681970479506048e+03 -5.447780495977556e+03 -2.478503278472076e+00 -6.335459803101168e+00 +4.396381515968721e+00
2.640000e+03 -3.744256006995735e+02 -4.052979503702109e+03 -5.169748643504065e+03 -2.489918430290373e+00 -6.027080704834523e+00 +4.873391933247445e+00
2.700000e+03 -5.234125623433075e+02 -4.404534583891277e+03 -4.862782239143065e+03 -2.469914702366849e+00 -5.684545845904799e+00 +5.359416765042066e+00
2.760000e+03 -6.699563443048881e+02 -4.734208128788544e+03 -4.526751692859845e+03 -2.407278060512917e+00 -5.296545402206204e+00 +5.838442857912918e+00
2.820000e+03 -8.113848800659482e+02 -5.039188909810920e+03 -4.162825615819111e+03 -2.299953985177953e+00 -4.862434538965778e+00 +6.284655179554025e+00
2.880000e+03 -9.452200636918559e+02 -5.317010835055847e+03 -3.773766329737270e+03 -2.156376075750167e+00 -4.394146728797856e+00 +6.672563577179957e+00
2.940000e+03 -1.069754817516492e+03 -5.566208101291179e+03 -3.363601352317717e+03 -1.993142844341343e+00 -3.911937088938382e+00 +6.986843098707478e+00
3.000000e+03 -1.184398526514717e+03 -5.786575009991708e+03 -2.936827639254964e+03 -1.829869392263011e+00 -3.436011652037005e+00 +7.227477989877941e+00
3.060000e+03 -1.289675784954484e+03 -5.978897412772678e+03 -2.497508536515143e+03 -1.683160205394307e+00 -2.978016581646244e+00 +7.408103682678887e+00
3.120000e+03 -1.386894646743822e+03 -6.144273172590939e+03 -2.048654657474558e+03 -1.561972792678631e+00 -2.536414812085391e+00 +7.548643668760976e+00
3.180000e+03 -1.477621915813028e+03 -6.283332012945110e+03 -1.592128567115315e+03 -1.465991977499066e+00 -2.097870809225562e+00 +7.665965680325441e+00
3.240000e+03 -1.563161560976960e+03 -6.395704399247757e+03 -1.129056498687717e+03 -1.387276160559260e+00 -1.643774769859773e+00 +7.766994750411553e+00
3.300000e+03 -1.644204587784855e+03 -6.479956557596851e+03 -6.605017023594993e+02 -1.314052494892015e+00 -1.158589744971398e+00 +7.847124576056717e+00
3.360000e+03 -1.720726036254672e+03 -6.533982835794623e+03 -1.880682746328296e+02 -1.234854057309869e+00 -6.361865325871426e-01 +7.893872232089412e+00
3.420000e+03 -1.792100365557928e+03 -6.555653826669698e+03 +2.858134887780813e+02 -1.141473212735746e+00 -8.184047996414265e-02 +7.893311055543689e+00
3.480000e+03 -1.857340248067165e+03 -6.543448954457029e+03 +7.579908462782981e+02 -1.030099450621310e+00 +4.901037213180298e-01 +7.836121594182228e+00
3.540000e+03 -1.915353870246360e+03 -6.496859757433129e+03 +1.224984358254741e+03 -9.008943461524782e-01 +1.061175930367036e+00 +7.721030728968653e+00
3.600000e+03 -1.965147165719320e+03 -6.416473639740117e+03 +1.683491375276373e+03 -7.567092157208851e-01 +1.614145136898910e+00 +7.554978154402527e+00
3.660000e+03 -2.005941229565590e+03 -6.303767285444307e+03 +2.130814371835775e+03 -6.016367992740734e-01 +2.137120522220337e+00 +7.350616492379936e+00
3.720000e+03 -2.037209263213420e+03 -6.160715241995556e+03 +2.565089061839863e+03 -4.398226248430475e-01 +2.625535278369765e+00 +7.122357753379910e+00
3.780000e+03 -2.058654241951721e+03 -5.989348082899280e+03 +2.985264332670874e+03 -2.746849866192255e-01 +3.081864424900729e+00 +6.882259501094763e+00
3.840000e+03 -2.070151961395431e+03 -5.791388194270263e+03 +3.390859112445969e+03 -1.085329584490469e-01 +3.513405482958731e+00 +6.636868322545122e+00
3.900000e+03 -2.071681785554585e+03 -5.568060657553786e+03 +3.781580199078859e+03 +5.747009366860297e-02 +3.928800957897014e+00 +6.385850462947396e+00
3.960000e+03 -2.063264368770864e+03 -5.320126705762255e+03 +4.156923249394673e+03 +2.230458203070886e-01 +4.334280695692567e+00 +6.122825680486944e+00
4.020000e+03 -2.044922369630003e+03 -5.048122209291168e+03 +4.515887386483849e+03 +3.883104676555765e-01 +4.730779687736942e+00 +5.838236181365896e+00
4.080000e+03 -2.016674491817989e+03 -4.752715978843044e+03 +4.856903419098520e+03 +5.531813663695572e-01 +5.112967383275256e+00 +5.523402995085392e+00
4.140000e+03 -1.978563672565983e+03 -4.435054479902764e+03 +5.178007207639682e+03 +7.168655356437730e-01 +5.470689315773893e+00 +5.174384482777903e+00
4.200000e+03 -1.930708744902593e+03 -4.096954343637575e+03 +5.477200702708305e+03 +8.776145881403572e-01 +5.792460104015339e+00 +4.794147924864420e+00
4.260000e+03 -1.873360053527354e+03 -3.740852876920721e+03 +5.752865638821713e+03 +1.032843102108308e+00 +6.069773635548927e+00 +4.392058861835412e+00
4.320000e+03 -1.806937833501972e+03 -3.369518111682718e+03 +6.004063173334683e+03 +1.179564908416858e+00 +6.300516434155622e+00 +3.980687530508261e+00
4.380000e+03 -1.732038999536588e+03 -2.985620364624130e+03 +6.230587334739607e+03 +1.314973878989932e+00 +6.489976357014553e+00 +3.571069489093298e+00
4.440000e+03 -1.649410258498893e+03 -2.591333510271346e+03 +6.432734914051402e+03 +1.436951703387007e+00 +6.648847042715150e+00 +3.168341990171547e+00
4.500000e+03 -1.559897071487249e+03 -2.188132106811537e+03 +6.610874405831074e+03 +1.544349887438544e+00 +6.788916601786910e+00 +2.769680370990191e+00
4.560000e+03 -1.464383282694158e+03 -1.776873900801248e+03 +6.764989138310204e+03 +1.637027603997266e+00 +6.918219584479837e+00 +2.365557599338251e+00
4.620000e+03 -1.363733467756043e+03 -1.358136067796052e+03 +6.894388434406386e+03 +1.715745615607487e+00 +7.037748960093998e+00 +1.943885550957478e+00
4.680000e+03 -1.258742678240721e+03 -9.326634790538773e+02 +6.997711871967507e+03 +1.782043243343776e+00 +7.141143809556860e+00 +1.495276651224579e+00
4.740000e+03 -1.150092474109927e+03 -5.017413089299808e+02 +7.073226106416698e+03 +1.838151078172277e+00 +7.217409354731648e+00 +1.017177177028151e+00
4.800000e+03 -1.038312327692330e+03 -6.734293128970771e+01 +7.119291175634477e+03 +1.886882098951987e+00 +7.255391993872489e+00 +5.151995837430577e-01
4.860000e+03 -9.237511166477915e+02 +3.679950652261996e+02 +7.134809425977116e+03 +1.931384921949931e+00 +7.248070750858060e+00 +1.265941555791750e-03
4.920000e+03 -8.065697940928014e+02 +8.015055046578955e+02 +7.119488191680081e+03 +1.974679020861634e+00 +7.194965950303883e+00 -5.104984288325229e-01
4.980000e+03 -6.867680570342774e+02 +1.230588744989295e+03 +7.073831297366628e+03 +2.019002293429175e+00 +7.101876615115128e+00 -1.008380840094987e+00
5.040000e+03 -5.642521724149157e+02 +1.653120529620881e+03 +6.998883901032681e+03 +2.065126078445402e+00 +6.978274510709596e+00 -1.486426297483925e+00
5.100000e+03 -4.389391465902197e+02 +2.067561736249502e+03 +6.895845859287537e+03 +2.111869414850335e+00 +6.833553138995408e+00 -1.945360859771199e+00
5.160000e+03 -3.108783550087079e+02 +2.472847151878168e+03 +6.765708819150909e+03 +2.156033558690349e+00 +6.673662575338588e+00 -2.390939812554931e+00
5.220000e+03 -1.803611776971825e+02 +2.868116764288729e+03 +6.609051123857917e+03 +2.192874200585277e+00 +6.499382259769346e+00 -2.830541096862287e+00
5.280000e+03 -4.798690276065376e+01 +3.252407677728301e+03 +6.426055088627895e+03 +2.217064352064230e+00 +6.306747473734789e+00 -3.269413689619102e+00
5.340000e+03 +8.533889921725856e+01 +3.624429364193752e+03 +6.216723417188885e+03 +2.223935858998223e+00 +6.089276736647337e+00 -3.707996497859888e+00
5.400000e+03 +2.184811012572486e+02 +3.982502629559731e+03 +5.981200204448651e+03 +2.210685389457244e+00 +5.841004147123385e+00 -4.141199166141968e+00
5.460000e+03 +3.502149287295256e+02 +4.324674592825233e+03 +5.720071553787420e+03 +2.177226191627285e+00 +5.559124680906772e+00 -4.559752842373850e+00
5.520000e+03 +4.794001596245334e+02 +4.648956097156355e+03 +5.434536751190801e+03 +2.126450386277473e+00 +5.245312291535573e+00 -4.953028435594929e+00
5.580000e+03 +6.051504376732306e+02 +4.953586602774295e+03 +5.126391232564176e+03 +2.063798489184258e+00 +4.905299715821280e+00 -5.312307553923871e+00
5.640000e+03 +7.269565968022945e+02 +5.237224865711898e+03 +4.797826933632516e+03 +1.996174962212823e+00 +4.546901004536231e+00 -5.633431426081422e+00
5.700000e+03 +8.447293409938093e+02 +5.498990186108888e+03 +4.451114416806434e+03 +1.930384631085030e+00 +4.177152913653946e+00 -5.917982878372833e+00
5.760000e+03 +9.587410199292508e+02 +5.738329830937372e+03 +4.088269763198090e+03 +1.871393474502210e+00 +3.799555376245665e+00 -6.172586570091971e+00
5.820000e+03 +1.069467870177115e+03 +5.954749855915235e+03 +3.710817929751247e+03 +1.820824994984244e+00 +3.412436106881544e+00 -6.406465666678809e+00
5.880000e+03 +1.177360492710549e+03 +6.147501552846019e+03 +3.319738452009155e+03 +1.776144599744788e+00 +3.009191869563447e+00 -6.627969896705161e+00
5.940000e+03 +1.282595616784744e+03 +6.315344663947769e+03 +2.915622181681779e+03 +1.730896117441129e+00 +2.580571936938267e+00 -6.841225888844980e+00
6.000000e+03 +1.384877331900011e+03 +6.456495843204812e+03 +2.498993743899271e+03 +1.676104887552396e+00 +2.118407012350117e+00 -7.044153625838127e+00
6.060000e+03 +1.483352212035541e+03 +6.568813949912264e+03 +2.070688621284519e+03 +1.602597111741671e+00 +1.619528148243020e+00 -7.228718869957067e+00
6.120000e+03 +1.576676641887272e+03 +6.650188186686595e+03 +1.632143243874577e+03 +1.503629438024874e+00 +1.088365702885502e+00 -7.383520748851129e+00
6.180000e+03 +1.663231168063719e+03 +6.699010875381076e+03 +1.185477731967048e+03 +1.377021342452392e+00 +5.370259902523488e-01 -7.497913440738221e+00
6.240000e+03 +1.741428371427315e+03 +6.714566655240065e+03 +7.333215109195197e+02 +1.226032486842673e+00 -1.755243524972555e-02 -7.566172311196094e+00
6.300000e+03 +1.810023515351685e+03 +6.697177314409840e+03 +2.784304358891774e+02 +1.058542876811918e+00 -5.586997835616538e-01 -7.590009720354261e+00
6.360000e+03 +1.868325572285623e+03 +6.648012365897808e+03 -1.767634109255033e+02 +8.846155895374458e-01 -1.075712183791413e+00 -7.578157135566098e+00
6.420000e+03 +1.916229130504598e+03 +6.568595606539315e+03 -6.304786404175195e+02 +7.131250401682772e-01 -1.567901848997313e+00 -7.542736669081182e+00
6.480000e+03 +1.954044466029557e+03 +6.460171427630858e+03 -1.081621426441236e+03 +5.486211176738226e-01 -2.044947258619256e+00 -7.493522955532718e+00
6.540000e+03 +1.982179391433532e+03 +6.323187371242657e+03 -1.529471438938391e+03 +3.897219977964678e-01 -2.522671476749967e+00 -7.432446506033821e+00
6.600000e+03 +2.000794052061649e+03 +6.157145065358187e+03 -1.973115479022249e+03 +2.298967025561687e-01 -3.015348705872580e+00 -7.351108066676270e+00
6.660000e+03 +2.009575295409711e+03 +5.960944022829423e+03 -2.410872381041159e+03 +6.056307957626199e-02 -3.527597592849083e+00 -7.233121443305825e+00
6.720000e+03 +2.007740212871107e+03 +5.733626728092041e+03 -2.840000693276418e+03 -1.246347715360473e-01 -4.049726130899136e+00 -7.060920306509087e+00
6.780000e+03 +1.994287610773282e+03 +5.475224379588331e+03 -3.256883793403173e+03 -3.261510024976685e-01 -4.559303170694567e+00 -6.824237365617363e+00
6.840000e+03 +1.968409322926674e+03 +5.187311925998786e+03 -3.657671202560544e+03 -5.371019304432735e-01 -5.029015278584930e+00 -6.526133010289841e+00
6.900000e+03 +1.929899126021131e+03 +4.872973027567764e+03 -4.039116497686090e+03 -7.448006689839216e-01 -5.437746089873820e+00 -6.183109927438341e+00
6.960000e+03 +1.879390923295367e+03 +4.536128275352690e+03 -4.399214337126531e+03 -9.347177371247406e-01 -5.779822963848531e+00 -5.818444590447241e+00
7.020000e+03 +1.818325418959444e+03 +4.180487401325874e+03 -4.737291205043028e+03 -1.095241121120619e+00 -6.067679625076588e+00 -5.451360734038835e+00
7.080000e+03 +1.748657541503337e+03 +3.808596792204587e+03 -5.053450574166531e+03 -1.221247913106063e+00 -6.326049044647381e+00 -5.087318386632898e+00
7.140000e+03 +1.672422682848576e+03 +3.421439105398986e+03 -5.347606556549228e+03 -1.315104634915438e+00 -6.580128309095246e+00 -4.714713229310417e+00
7.200000e+03 +1.591325857432244e+03 +3.018781891526049e+03 -5.618576738938693e+03 -1.385004967951841e+00 -6.843552906797456e+00 -4.310116057243578e+00
7.260000e+03 +1.506484286771589e+03 +2.600098164491359e+03 -5.863692288677165e+03 -1.441772045129965e+00 -7.112158834748882e+00 -3.849494689844496e+00
7.320000e+03 +1.418368494138371e+03 +2.165610009816273e+03 -6.079120711061543e+03 -1.495682424113222e+00 -7.366169677337118e+00 -3.319712273371363e+00
7.380000e+03 +1.326903748237980e+03 +1.716985229582265e+03 -6.260746596711157e+03 -1.554412057851168e+00 -7.578948356853618e+00 -2.724943619536922e+00
7.440000e+03 +1.231652583398459e+03 +1.257425607686644e+03 -6.405219207227398e+03 -1.622365187611965e+00 -7.727673830293252e+00 -2.085763052638204e+00
7.500000e+03 +1.132004857993459e+03 +7.911753992555186e+02 -6.510750147239750e+03 -1.700997438762142e+00 -7.801356903611594e+00 -1.432168466773260e+00
7.560000e+03 +1.027334090593946e+03 +3.226998958103015e+02 -6.577392121249467e+03 -1.789515273775082e+00 -7.803595965726847e+00 -7.938931741382048e-01
7.620000e+03 +9.171138641699780e+02 -1.441331539795879e+02 -6.606748228943527e+03 -1.885443165964605e+00 -7.749869825283771e+00 -1.916757507563302e-01
7.680000e+03 +8.010107341041665e+02 -6.065833012063860e+02 -6.601259186915547e+03 -1.984828082210601e+00 -7.660997402600865e+00 +3.677259592621961e-01
7.740000e+03 +6.789742905972623e+02 -1.063123952825621e+03 -6.563340908403665e+03 -2.082169589548767e+00 -7.555376977801400e+00 +8.914525939069090e-01
7.800000e+03 +5.513313808439963e+02 -1.513096435224272e+03 -6.494674947728336e+03 -2.170423630006412e+00 -7.442757799918245e+00 +1.395721516770702e+00
7.860000e+03 +4.188667255835103e+02 -1.956091434734554e+03 -6.395887243830619e+03 -2.241520699614538e+00 -7.321635316641665e+00 +1.898119786517647e+00
7.920000e+03 +2.828491966793838e+02 -2.391305980593055e+03 -6.266706080244180e+03 -2.287678095129521e+00 -7.181034135598730e+00 +2.409845103611268e+00
7.980000e+03 +1.449572321536094e+02 -2.817121670153361e+03 -6.106514027632451e+03 -2.303390219584247e+00 -7.005830313798064e+00 +2.930751717385854e+00
8.040000e+03 +7.077984039553141e+00 -3.231056459876206e+03 -5.915063483263511e+03 -2.287517756828966e+00 -6.783448248107594e+00 +3.449022033449024e+00
8.100000e+03 -1.290003940081598e+02 -3.630092496723448e+03 -5.693066419286848e+03 -2.244609692312498e+00 -6.509266560196502e+00 +3.945542511414182e+00
8.160000e+03 -2.619320945194460e+02 -4.011232996806192e+03 -5.442419455645036e+03 -2.184664366363238e+00 -6.188580978992295e+00 +4.401273072845603e+00
8.220000e+03 -3.910858000449512e+02 -4.372049290460775e+03 -5.165967814559708e+03 -2.120993611930837e+00 -5.834320766412009e+00 +4.804719446355141e+00
8.280000e+03 -5.166391565372495e+02 -4.710982237001685e+03 -4.866894948355422e+03 -2.066561463033120e+00 -5.461438772192779e+00 +5.156487569327521e+00
8.340000e+03 -6.394332251343415e+02 -5.027264528804863e+03 -4.547980016354312e+03 -2.029869794796150e+00 -5.080366415296580e+00 +5.468949980961352e+00
8.400000e+03 -7.606027417313082e+02 -5.320496623081766e+03 -4.211027821907953e+03 -2.011846535720163e+00 -4.692482665370418e+00 +5.761017523702503e+00
8.460000e+03 -8.810830203184338e+02 -5.590069715834135e+03 -3.856710527400799e+03 -2.005008715830940e+00 -4.289775876812531e+00 +6.050144818185194e+00
8.520000e+03 -1.001149998150234e+03 -5.834706918692733e+03 -3.484887518139491e+03 -1.995400735728099e+00 -3.858981328925597e+00 +6.344983751658702e+00
8.580000e+03 -1.120148340818042e+03 -6.052345437759550e+03 -3.095265298738640e+03 -1.966745537286285e+00 -3.388362100869195e+00 +6.641802454901674e+00
8.640000e+03 -1.236500754296278e+03 -6.240429532296131e+03 -2.688119554312032e+03 -1.905386316181727e+00 -2.874090792276329e+00 +6.926028390471847e+00
8.700000e+03 -1.347994878069014e+03 -6.396502407020773e+03 -2.264788520566968e+03 -1.804331179323060e+00 -2.323469634020233e+00 +7.178006312184877e+00
8.760000e+03 -1.452251783440969e+03 -6.518859652852501e+03 -1.827756193630802e+03 -1.665106476014979e+00 -1.753704390318781e+00 +7.380409798946433e+00
8.820000e+03 -1.547225601164390e+03 -6.607005625498398e+03 -1.380316840985116e+03 -1.496937873271982e+00 -1.186798030867111e+00 +7.524320577086400e+00
8.880000e+03 -1.631582149972125e+03 -6.661735059338358e+03 -9.259740050361148e+02 -1.313672344170567e+00 -6.425822587854905e-01 +7.611734426856644e+00
8.940000e+03 -1.704851719249898e+03 -6.684806872014223e+03 -4.678198254186760e+02 -1.129554241565641e+00 -1.325369594022877e-01 +7.653724158822715e+00
9.000000e+03 -1.767329974286773e+03 -6.678331512488078e+03 -8.136303322386095e+00 -9.552966516079526e-01 +3.432620190537518e-01 +7.665157491169960e+00
9.060000e+03 -1.819785527199691e+03 -6.644102314542573e+03 +4.516366247740538e+02 -7.957429290773271e-01 +7.948948787519373e-01 +7.658196007333385e+00
9.120000e+03 -1.863094040690961e+03 -6.583122118236339e+03 +9.105746520529917e+02 -6.497990909038057e-01 +1.237570623175228e+00 +7.637282755715677e+00
9.180000e+03 -1.897933432962266e+03 -6.495495383201965e+03 +1.367741177782250e+03 -5.124274810643672e-01 +1.684915506904525e+00 +7.597666664182184e+00
9.240000e+03 -1.924636778742628e+03 -6.380703362434798e+03 +1.821692972041320e+03 -3.776962519805055e-01 +2.143373067121700e+00 +7.527915217788817e+00
9.300000e+03 -1.943226370282918e+03 -6.238123180868864e+03 +2.270226579475282e+03 -2.415523442236889e-01 +2.609931556471783e+00 +7.415081448675918e+00
9.360000e+03 -1.953578072395955e+03 -6.067562839234735e+03 +2.710455093174182e+03 -1.032676318689140e-01 +3.073817319526059e+00 +7.250121980402905e+00
9.420000e+03 -1.955621941003359e+03 -5.869599579457710e+03 +3.139158638706951e+03 +3.478968532572486e-02 +3.521054639611357e+00 +7.031297240632591e+00
9.480000e+03 -1.949487242508974e+03 -5.645611437942699e+03 +3.553246259780852e+03 +1.686643629466776e-01 +3.939743537532549e+00 +6.764418718792107e+00
9.540000e+03 -1.935539058742482e+03 -5.397525521098631e+03 +3.950142679865656e+03 +2.947642880643377e-01 +4.323923460272577e+00 +6.460259295510836e+00
9.600000e+03 -1.914306648314303e+03 -5.127411146775094e+03 +4.327967625401721e+03 +4.113955080226855e-01 +4.674771980950453e+00 +6.130509600633693e+00
9.660000e+03 -1.886346431910156e+03 -4.837085075285951e+03 +4.685471758524243e+03 +5.193575645103675e-01 +4.999089810267925e+00 +5.783976116229836e+00
9.720000e+03 -1.852099945605212e+03 -4.527867590189889e+03 +5.021786091299493e+03 +6.215444078099790e-01 +5.305995660860193e+00 +5.424324367729845e+00
9.780000e+03 -1.811797909756883e+03 -4.200556896107410e+03 +5.336097848442551e+03 +7.218833677866544e-01 +5.603184389921749e+00 +5.049905543612240e+00
9.840000e+03 -1.765435338837437e+03 -3.855609220441035e+03 +5.627374553647219e+03 +8.241124088679270e-01 +5.893987302975829e+00 +4.655449620407446e+00
9.900000e+03 -1.712813499773428e+03 -3.493450107316819e+03 +5.894228410651793e+03 +9.308328037687497e-01 +6.176025518404757e+00 +4.234902442696301e+00
9.960000e+03 -1.653624054938324e+03 -3.114811076454230e+03 +6.134962015225587e+03 +1.043068923584586e+00 +6.441710765376979e+00 +3.784473056883700e+00
1.002000e+04 -1.587543825547709e+03 -2.720985377133976e+03 +6.347779956992971e+03 +1.160338518221621e+00 +6.680369084390443e+00 +3.304973562715077e+00
1.008000e+04 -1.514313795891810e+03 -2.313922047408199e+03 +6.531100481276951e+03 +1.281072023947565e+00 +6.881378344852756e+00 +2.802715080609141e+00
1.014000e+04 -1.433788272609893e+03 -1.896123113103622e+03 +6.683866564021825e+03 +1.403148078042919e+00 +7.037427133339661e+00 +2.288563474321598e+00
1.020000e+04 -1.345954080227835e+03 -1.470367169406751e+03 +6.805746349601520e+03 +1.524324641510020e+00 +7.146874330692043e+00 +1.775263181225077e+00
1.026000e+04 -1.250930934190555e+03 -1.039341427963283e+03 +6.897137407720642e+03 +1.642419791713266e+00 +7.214321550191769e+00 +1.273742871630839e+00
1.032000e+04 -1.148969499110936e+03 -6.053050252612607e+02 +6.958948786570063e+03 +1.755215085405729e+00 +7.248988218653656e+00 +7.896377195199165e-01
1.038000e+04 -1.040461091668033e+03 -1.699088368880074e+02 +6.992216337898440e+03 +1.860194143115352e+00 +7.261252627187228e+00 +3.214277599480009e-01
1.044000e+04 -9.259624706234209e+02 +2.657500002905710e+02 +6.997681473606393e+03 +1.954345379713927e+00 +7.258539864426242e+00 -1.388229622326507e-01
1.050000e+04 -8.062239744344917e+02 +7.008481480110087e+02 +6.975495472118179e+03 +2.034285840571888e+00 +7.242198097947813e+00 -6.021199859311351e-01
1.056000e+04 -6.821964451364792e+02 +1.134435299697302e+03 +6.925176116608730e+03 +2.096851883280593e+00 +7.206767514008551e+00 -1.077755546375245e+00
1.062000e+04 -5.549902671055735e+02 +1.565075759130524e+03 +6.845846239983264e+03 +2.140066606067534e+00 +7.142092753922723e+00 -1.569043597877702e+00
1.068000e+04 -4.257732529860637e+02 +1.990684628083094e+03 +6.736664170209793e+03 +2.164135632849666e+00 +7.037463168674651e+00 -2.071440035164823e+00
1.074000e+04 -2.956200293330339e+02 +2.408630336285602e+03 +6.597269960681048e+03 +2.171987082755303e+00 +6.886015501699620e+00 -2.573926868177944e+00
1.080000e+04 -1.653532366716152e+02 +2.816060275625903e+03 +6.428060941608984e+03 +2.168957717563203e+00 +6.687486181091087e+00 -3.063108495919296e+00
1.086000e+04 -3.543264410532224e+01 +3.210309529664118e+03 +6.230181896208916e+03 +2.161525344388278e+00 +6.448128067256235e+00 -3.528272376163489e+00
1.092000e+04 +9.405747401785936e+01 +3.589218026202569e+03 +6.005237458273025e+03 +2.155381820576197e+00 +6.177865850493270e+00 -3.965240935122622e+00
1.098000e+04 +2.233005096045159e+02 +3.951224311927929e+03 +5.754853625260335e+03 +2.153465331191565e+00 +5.885989734426102e+00 -4.377361792856925e+00
1.104000e+04 +3.525387070175638e+02 +4.295205518792251e+03 +5.480279671794769e+03 +2.154676260264821e+00 +5.577334996229417e+00 -4.773225927359384e+00
1.110000e+04 +4.818222175034535e+02 +4.620147554560808e+03 +5.182202768390966e+03 +2.153817059714328e+00 +5.250662889029204e+00 -5.162133464314187e+00
1.116000e+04 +6.107954547776334e+02 +4.924804912616284e+03 +4.860853525675256e+03 +2.142872775551098e+00 +4.899938843090101e+00 -5.549298366280779e+00
1.122000e+04 +7.385921439370298e+02 +5.207511485240530e+03 +4.516354427708255e+03 +2.113253910651242e+00 +4.517882136277055e+00 -5.932840530892237e+00
1.128000e+04 +8.638760370912344e+02 +5.466233622518246e+03 +4.149162227845981e+03 +2.058272837834459e+00 +4.100179270737106e+00 -6.303754227235066e+00
1.134000e+04 +9.850171791931871e+02 +5.698849724130568e+03 +3.760422811366831e+03 +1.975066405702095e+00 +3.648547216448863e+00 -6.648727827673765e+00
1.140000e+04 +1.100352128928877e+03 +5.903545760919036e+03 +3.352100783465499e+03 +1.865409802643019e+00 +3.171404507326550e+00 -6.954559378345137e+00
1.146000e+04 +1.208454625318089e+03 +6.079170434120336e+03 +2.926840137757210e+03 +1.735257891201306e+00 +2.681900532550402e+00 -7.212408846462823e+00
1.152000e+04 +1.308345179266355e+03 +6.225408846506768e+03 +2.487615138614218e+03 +1.593229915196211e+00 +2.194023134925192e+00 -7.420325701237044e+00
1.158000e+04 +1.399589381981535e+03 +6.342698194059082e+03 +2.037305128735185e+03 +1.448505967017579e+00 +1.718150496328326e+00 -7.583186229684662e+00
1.164000e+04 +1.482266442810207e+03 +6.431899400116827e+03 +1.578352051408217e+03 +1.308699401090591e+00 +1.257618855029533e+00 -7.710083427510846e+00
1.170000e+04 +1.556822857580662e+03 +6.493827627292122e+03 +1.112629947610318e+03 +1.178235599339601e+00 +8.076258086778145e-01 -7.810087582308559e+00
1.176000e+04 +1.623854452314141e+03 +6.528805104001965e+03 +6.415799236584667e+02 +1.057637004039312e+00 +3.570968231314958e-01 -7.887926266688555e+00
1.182000e+04 +1.683878012412154e+03 +6.536407571139017e+03 +1.665632808611216e+02 +9.438996712070672e-01 -1.068898915478777e-01 -7.941300057943685e+00
1.188000e+04 +1.737156500262683e+03 +6.515518089895083e+03 -3.107067605815493e+02 +8.318598702428273e-01 -5.936059276758584e-01 -7.961080216168270e+00
1.194000e+04 +1.783626497205280e+03 +6.464689814663925e+03 -7.878392686570952e+02 +7.161447082660015e-01 -1.104240898331138e+00 -7.934560106472682e+00
1.200000e+04 +1.822944922659690e+03 +6.382692264529242e+03 -1.261700999280826e+03 +5.930849770828537e-01 -1.630471362518102e+00 -7.850620330848647e+00
1.206000e+04 +1.854633030572760e+03 +6.269029023011515e+03 -1.728667922808769e+03 +4.619490362766714e-01 -2.156853605650262e+00 -7.704712997403852e+00
1.212000e+04 +1.878262502515362e+03 +6.124212299241936e+03 -2.185114186949010e+03 +3.250689650557609e-01 -2.666277091424411e+00 -7.501471754411424e+00
1.218000e+04 +1.893613563464202e+03 +5.949669287287099e+03 -2.627949882269496e+03 +1.868091935226413e-01 -3.146353950092541e+00 -7.253621817170261e+00
1.224000e+04 +1.900744640777444e+03 +5.747303920936771e+03 -3.054982837534371e+03 +5.174022550741392e-02 -3.594085890121888e+00 -6.977373032798621e+00
1.230000e+04 +1.899944723774143e+03 +5.518885925305680e+03 -3.464938637046063e+03 -7.732058634862732e-02 -4.016705291074810e+00 -6.686029085396001e+00
1.236000e+04 +1.891582762073294e+03 +5.265524144602698e+03 -3.857109683059234e+03 -2.006684795475901e-01 -4.428079512670819e+00 -6.384482798591775e+00
1.242000e+04 +1.875907629311039e+03 +4.987461325628348e+03 -4.230765728842651e+03 -3.219416997424107e-01 -4.841952151207805e+00 -6.067110535748946e+00
1.248000e+04 +1.852872140019999e+03 +4.684302697441559e+03 -4.584574747948721e+03 -4.471112525447065e-01 -5.264771125817734e+00 -5.720265973524630e+00
1.254000e+04 +1.822047044022094e+03 +4.355608606227218e+03 -4.916297184280371e+03 -5.825845682897702e-01 -5.691193920366207e+00 -5.328604687218649e+00
1.260000e+04 +1.782659018301840e+03 +4.001620537832026e+03 -5.222915002221168e+03 -7.330925062716395e-01 -6.104333959572458e+00 -4.882738207630992e+00
1.266000e+04 +1.733743882349469e+03 +3.623821770671024e+03 -5.501179657761120e+03 -9.000673527491602e-01 -6.480867682168686e+00 -4.385025893770646e+00
1.272000e+04 +1.674369502259713e+03 +3.225088608680675e+03 -5.748384279361129e+03 -1.080993298928671e+00 -6.799125832910543e+00 -3.850945127648848e+00
1.278000e+04 +1.603864740613753e+03 +2.809343485176791e+03 -5.963057655936968e+03 -1.269840084718674e+00 -7.047038839632993e+00 -3.305133273486661e+00
1.284000e+04 +1.521995522572604e+03 +2.380818048222787e+03 -6.145284780055797e+03 -1.458324326495170e+00 -7.226712797999753e+00 -2.773259279329444e+00
1.290000e+04 +1.429052410600689e+03 +1.943199924290188e+03 -6.296485385392687e+03 -1.637506688969266e+00 -7.353530937458334e+00 -2.272691768910280e+00
1.296000e+04 +1.325845461830082e+03 +1.499004272926675e+03 -6.418692632787474e+03 -1.799210449001132e+00 -7.449761683884081e+00 -1.805809302195252e+00
1.302000e+04 +1.213627829537214e+03 +1.049439001512415e+03 -6.513593843657268e+03 -1.936953440847484e+00 -7.535078198736487e+00 -1.359140869756938e+00
1.308000e+04 +1.093978262874791e+03 +5.948309323360533e+02 -6.581723791204665e+03 -2.046416422778981e+00 -7.618076131383813e+00 -9.091921030669140e-01
1.314000e+04 +9.686630686680076e+02 +1.354290463034996e+02 -6.622157886205530e+03 -2.125709431016059e+00 -7.692705224710053e+00 -4.326530956324083e-01
1.320000e+04 +8.394819904649237e+02 -3.277747606403557e+02 -6.632837229963223e+03 -2.175659960658713e+00 -7.741260492350182e+00 +8.358575410736581e-02
1.326000e+04 +7.080966957749326e+02 -7.925691825687843e+02 -6.611372199743118e+03 -2.200068005839372e+00 -7.742357263017391e+00 +6.371004666344602e-01
1.332000e+04 +5.758527228043766e+02 -1.255580711231974e+03 -6.555965361530959e+03 -2.205603606133292e+00 -7.680015510741282e+00 +1.211361329585548e+00
1.338000e+04 +4.436273865400355e+02 -1.712804988578542e+03 -6.466067441622871e+03 -2.201000611381108e+00 -7.549807721331026e+00 +1.782771410293277e+00
1.344000e+04 +3.117504533752901e+02 -2.160355194691858e+03 -6.342525560284453e+03 -2.195451463991484e+00 -7.359766547060595e+00 +2.329883604376104e+00
1.350000e+04 +1.800392576320000e+02 -2.595106250310081e+03 -6.187212346699507e+03 -2.196470872089866e+00 -7.126231189766162e+00 +2.840892564535752e+00
1.356000e+04 +4.796449987915736e+01 -3.014989660354939e+03 -6.002330991993141e+03 -2.207783656011757e+00 -6.866836590569775e+00 +3.316637779881777e+00
1.362000e+04 -8.507448437607341e+01 -3.418859003574156e+03 -5.789699257789251e+03 -2.227894836151710e+00 -6.593730371631251e+00 +3.768355150694770e+00
1.368000e+04 -2.194234484590347e+02 -3.806025252364715e+03 -5.550298464532074e+03 -2.249891190090716e+00 -6.309705814600068e+00 +4.211447854892233e+00
1.374000e+04 -3.548793322568001e+02 -4.175684747182862e+03 -5.284251325769756e+03 -2.262729225269760e+00 -6.008564315414286e+00 +4.657922417622667e+00
1.380000e+04 -4.905154487273375e+02 -4.526489060467684e+03 -4.991218964029951e+03 -2.253854605467163e+00 -5.679271360057158e+00 +5.110434145173286e+00
1.386000e+04 -6.246904165389993e+02 -4.856433818155856e+03 -4.671049717961085e+03 -2.212582245660614e+00 -5.312041342461395e+00 +5.560096932676960e+00
1.392000e+04 -7.552614195840747e+02 -5.163108488838929e+03 -4.324425374011599e+03 -2.133367420255020e+00 -4.903870499350717e+00 +5.988734978225786e+00
1.398000e+04 -8.799663527038135e+02 -5.444205077677986e+03 -3.953258057827170e+03 -2.018010560931780e+00 -4.461337689296007e+00 +6.374675880922522e+00
1.404000e+04 -9.968856876588793e+02 -5.698080183463643e+03 -3.560683536689750e+03 -1.876005971372034e+00 -3.999494110087199e+00 +6.699995644701417e+00
1.410000e+04 -1.104859002378018e+03 -5.924134375201596e+03 -3.150641547203914e+03 -1.722668816797035e+00 -3.537039634376669e+00 +6.956600554281972e+00
1.416000e+04 -1.203727466314881e+03 -6.122828047387891e+03 -2.727186677302946e+03 -1.575312781166290e+00 -3.089406415396687e+00 +7.148805091610376e+00
1.422000e+04 -1.294311661914284e+03 -6.295285112231041e+03 -2.293784012496738e+03 -1.448471318688229e+00 -2.662433776825837e+00 +7.291197597585640e+00
1.428000e+04 -1.378111558015809e+03 -6.442607776700658e+03 -1.852863883619862e+03 -1.349691349596964e+00 -2.249484506896240e+00 +7.402410489717733e+00
1.434000e+04 -1.456810911264161e+03 -6.565168955815821e+03 -1.405814332982564e+03 -1.277441038412288e+00 -1.833699832809611e+00 +7.497300170007279e+00
1.440000e+04 -1.531743577820993e+03 -6.662186426142489e+03 -9.534041765473731e+02 -1.221984203020372e+00 -1.394829725425246e+00 +7.580980134351461e+00
